Cycles	Run	Rn
1	1	cdh7a*A1_cdh2_1	1.7313
2	2	cdh7a*A1_cdh2_1	1.7189
3	3	cdh7a*A1_cdh2_1	1.7128
4	4	cdh7a*A1_cdh2_1	1.7128
5	5	cdh7a*A1_cdh2_1	1.7043
6	6	cdh7a*A1_cdh2_1	1.7012
7	7	cdh7a*A1_cdh2_1	1.699
8	8	cdh7a*A1_cdh2_1	1.6961
9	9	cdh7a*A1_cdh2_1	1.6936
10	10	cdh7a*A1_cdh2_1	1.6897
11	11	cdh7a*A1_cdh2_1	1.688
12	12	cdh7a*A1_cdh2_1	1.6883
13	13	cdh7a*A1_cdh2_1	1.6881
14	14	cdh7a*A1_cdh2_1	1.6648
15	15	cdh7a*A1_cdh2_1	1.6636
16	16	cdh7a*A1_cdh2_1	1.6629
17	17	cdh7a*A1_cdh2_1	1.6651
18	18	cdh7a*A1_cdh2_1	1.6648
19	19	cdh7a*A1_cdh2_1	1.6641
20	20	cdh7a*A1_cdh2_1	1.663
21	21	cdh7a*A1_cdh2_1	1.6619
22	22	cdh7a*A1_cdh2_1	1.6656
23	23	cdh7a*A1_cdh2_1	1.6641
24	24	cdh7a*A1_cdh2_1	1.6662
25	25	cdh7a*A1_cdh2_1	1.6639
26	26	cdh7a*A1_cdh2_1	1.6636
27	27	cdh7a*A1_cdh2_1	1.6648
28	28	cdh7a*A1_cdh2_1	1.6672
29	29	cdh7a*A1_cdh2_1	1.6688
30	30	cdh7a*A1_cdh2_1	1.6718
31	31	cdh7a*A1_cdh2_1	1.6782
32	32	cdh7a*A1_cdh2_1	1.6956
33	33	cdh7a*A1_cdh2_1	1.725
34	34	cdh7a*A1_cdh2_1	1.7807
35	35	cdh7a*A1_cdh2_1	1.8923
36	36	cdh7a*A1_cdh2_1	2.1009
37	37	cdh7a*A1_cdh2_1	2.4195
38	38	cdh7a*A1_cdh2_1	2.8174
39	39	cdh7a*A1_cdh2_1	3.2522
40	40	cdh7a*A1_cdh2_1	3.6743
41	1	cdh7a*A2_cdh2_1	1.7059
42	2	cdh7a*A2_cdh2_1	1.695
43	3	cdh7a*A2_cdh2_1	1.6921
44	4	cdh7a*A2_cdh2_1	1.6849
45	5	cdh7a*A2_cdh2_1	1.6833
46	6	cdh7a*A2_cdh2_1	1.6833
47	7	cdh7a*A2_cdh2_1	1.6808
48	8	cdh7a*A2_cdh2_1	1.6799
49	9	cdh7a*A2_cdh2_1	1.6779
50	10	cdh7a*A2_cdh2_1	1.6766
51	11	cdh7a*A2_cdh2_1	1.6781
52	12	cdh7a*A2_cdh2_1	1.6776
53	13	cdh7a*A2_cdh2_1	1.6773
54	14	cdh7a*A2_cdh2_1	1.6783
55	15	cdh7a*A2_cdh2_1	1.678
56	16	cdh7a*A2_cdh2_1	1.6792
57	17	cdh7a*A2_cdh2_1	1.6785
58	18	cdh7a*A2_cdh2_1	1.6779
59	19	cdh7a*A2_cdh2_1	1.6834
60	20	cdh7a*A2_cdh2_1	1.6785
61	21	cdh7a*A2_cdh2_1	1.6818
62	22	cdh7a*A2_cdh2_1	1.6771
63	23	cdh7a*A2_cdh2_1	1.6792
64	24	cdh7a*A2_cdh2_1	1.6816
65	25	cdh7a*A2_cdh2_1	1.6786
66	26	cdh7a*A2_cdh2_1	1.6797
67	27	cdh7a*A2_cdh2_1	1.6817
68	28	cdh7a*A2_cdh2_1	1.6831
69	29	cdh7a*A2_cdh2_1	1.683
70	30	cdh7a*A2_cdh2_1	1.6832
71	31	cdh7a*A2_cdh2_1	1.6861
72	32	cdh7a*A2_cdh2_1	1.6893
73	33	cdh7a*A2_cdh2_1	1.7008
74	34	cdh7a*A2_cdh2_1	1.7188
75	35	cdh7a*A2_cdh2_1	1.7531
76	36	cdh7a*A2_cdh2_1	1.822
77	37	cdh7a*A2_cdh2_1	1.9639
78	38	cdh7a*A2_cdh2_1	2.2014
79	39	cdh7a*A2_cdh2_1	2.5596
80	40	cdh7a*A2_cdh2_1	2.9802
81	1	cdh7a*A3_cdh2_1	1.7008
82	2	cdh7a*A3_cdh2_1	1.6923
83	3	cdh7a*A3_cdh2_1	1.7004
84	4	cdh7a*A3_cdh2_1	1.7151
85	5	cdh7a*A3_cdh2_1	1.7133
86	6	cdh7a*A3_cdh2_1	1.7079
87	7	cdh7a*A3_cdh2_1	1.7128
88	8	cdh7a*A3_cdh2_1	1.7088
89	9	cdh7a*A3_cdh2_1	1.7052
90	10	cdh7a*A3_cdh2_1	1.7031
91	11	cdh7a*A3_cdh2_1	1.7008
92	12	cdh7a*A3_cdh2_1	1.7027
93	13	cdh7a*A3_cdh2_1	1.6998
94	14	cdh7a*A3_cdh2_1	1.7008
95	15	cdh7a*A3_cdh2_1	1.6995
96	16	cdh7a*A3_cdh2_1	1.6992
97	17	cdh7a*A3_cdh2_1	1.6976
98	18	cdh7a*A3_cdh2_1	1.6971
99	19	cdh7a*A3_cdh2_1	1.6974
100	20	cdh7a*A3_cdh2_1	1.6978
101	21	cdh7a*A3_cdh2_1	1.6983
102	22	cdh7a*A3_cdh2_1	1.6963
103	23	cdh7a*A3_cdh2_1	1.6999
104	24	cdh7a*A3_cdh2_1	1.6967
105	25	cdh7a*A3_cdh2_1	1.7007
106	26	cdh7a*A3_cdh2_1	1.6964
107	27	cdh7a*A3_cdh2_1	1.7001
108	28	cdh7a*A3_cdh2_1	1.7038
109	29	cdh7a*A3_cdh2_1	1.7003
110	30	cdh7a*A3_cdh2_1	1.7016
111	31	cdh7a*A3_cdh2_1	1.7068
112	32	cdh7a*A3_cdh2_1	1.7137
113	33	cdh7a*A3_cdh2_1	1.7303
114	34	cdh7a*A3_cdh2_1	1.7602
115	35	cdh7a*A3_cdh2_1	1.822
116	36	cdh7a*A3_cdh2_1	1.9366
117	37	cdh7a*A3_cdh2_1	2.1555
118	38	cdh7a*A3_cdh2_1	2.4986
119	39	cdh7a*A3_cdh2_1	2.928
120	40	cdh7a*A3_cdh2_1	3.3785
121	1	cdh7a*A4_cdh2_2	1.7319
122	2	cdh7a*A4_cdh2_2	1.7334
123	3	cdh7a*A4_cdh2_2	1.7293
124	4	cdh7a*A4_cdh2_2	1.717
125	5	cdh7a*A4_cdh2_2	1.7212
126	6	cdh7a*A4_cdh2_2	1.7168
127	7	cdh7a*A4_cdh2_2	1.7117
128	8	cdh7a*A4_cdh2_2	1.7087
129	9	cdh7a*A4_cdh2_2	1.704
130	10	cdh7a*A4_cdh2_2	1.7099
131	11	cdh7a*A4_cdh2_2	1.7058
132	12	cdh7a*A4_cdh2_2	1.7071
133	13	cdh7a*A4_cdh2_2	1.7084
134	14	cdh7a*A4_cdh2_2	1.7059
135	15	cdh7a*A4_cdh2_2	1.7069
136	16	cdh7a*A4_cdh2_2	1.7062
137	17	cdh7a*A4_cdh2_2	1.7027
138	18	cdh7a*A4_cdh2_2	1.7023
139	19	cdh7a*A4_cdh2_2	1.707
140	20	cdh7a*A4_cdh2_2	1.7077
141	21	cdh7a*A4_cdh2_2	1.7081
142	22	cdh7a*A4_cdh2_2	1.7079
143	23	cdh7a*A4_cdh2_2	1.7026
144	24	cdh7a*A4_cdh2_2	1.7085
145	25	cdh7a*A4_cdh2_2	1.7061
146	26	cdh7a*A4_cdh2_2	1.7097
147	27	cdh7a*A4_cdh2_2	1.7074
148	28	cdh7a*A4_cdh2_2	1.7085
149	29	cdh7a*A4_cdh2_2	1.7073
150	30	cdh7a*A4_cdh2_2	1.7092
151	31	cdh7a*A4_cdh2_2	1.7104
152	32	cdh7a*A4_cdh2_2	1.7139
153	33	cdh7a*A4_cdh2_2	1.72
154	34	cdh7a*A4_cdh2_2	1.7294
155	35	cdh7a*A4_cdh2_2	1.7449
156	36	cdh7a*A4_cdh2_2	1.781
157	37	cdh7a*A4_cdh2_2	1.8477
158	38	cdh7a*A4_cdh2_2	1.9881
159	39	cdh7a*A4_cdh2_2	2.2417
160	40	cdh7a*A4_cdh2_2	2.6112
161	1	cdh7a*A5_cdh2_2	1.8135
162	2	cdh7a*A5_cdh2_2	1.806
163	3	cdh7a*A5_cdh2_2	1.7979
164	4	cdh7a*A5_cdh2_2	1.7938
165	5	cdh7a*A5_cdh2_2	1.7889
166	6	cdh7a*A5_cdh2_2	1.7838
167	7	cdh7a*A5_cdh2_2	1.7838
168	8	cdh7a*A5_cdh2_2	1.7812
169	9	cdh7a*A5_cdh2_2	1.779
170	10	cdh7a*A5_cdh2_2	1.7781
171	11	cdh7a*A5_cdh2_2	1.7762
172	12	cdh7a*A5_cdh2_2	1.7741
173	13	cdh7a*A5_cdh2_2	1.7735
174	14	cdh7a*A5_cdh2_2	1.7759
175	15	cdh7a*A5_cdh2_2	1.7738
176	16	cdh7a*A5_cdh2_2	1.7735
177	17	cdh7a*A5_cdh2_2	1.7717
178	18	cdh7a*A5_cdh2_2	1.7727
179	19	cdh7a*A5_cdh2_2	1.7735
180	20	cdh7a*A5_cdh2_2	1.773
181	21	cdh7a*A5_cdh2_2	1.7743
182	22	cdh7a*A5_cdh2_2	1.7708
183	23	cdh7a*A5_cdh2_2	1.7719
184	24	cdh7a*A5_cdh2_2	1.7706
185	25	cdh7a*A5_cdh2_2	1.7682
186	26	cdh7a*A5_cdh2_2	1.7702
187	27	cdh7a*A5_cdh2_2	1.7679
188	28	cdh7a*A5_cdh2_2	1.7707
189	29	cdh7a*A5_cdh2_2	1.7702
190	30	cdh7a*A5_cdh2_2	1.7726
191	31	cdh7a*A5_cdh2_2	1.7726
192	32	cdh7a*A5_cdh2_2	1.7742
193	33	cdh7a*A5_cdh2_2	1.7765
194	34	cdh7a*A5_cdh2_2	1.7811
195	35	cdh7a*A5_cdh2_2	1.7911
196	36	cdh7a*A5_cdh2_2	1.8135
197	37	cdh7a*A5_cdh2_2	1.8524
198	38	cdh7a*A5_cdh2_2	1.9316
199	39	cdh7a*A5_cdh2_2	2.0868
200	40	cdh7a*A5_cdh2_2	2.3642
201	1	cdh7a*A6_cdh2_2	1.8421
202	2	cdh7a*A6_cdh2_2	1.832
203	3	cdh7a*A6_cdh2_2	1.7435
204	4	cdh7a*A6_cdh2_2	1.7337
205	5	cdh7a*A6_cdh2_2	1.7282
206	6	cdh7a*A6_cdh2_2	1.7264
207	7	cdh7a*A6_cdh2_2	1.7236
208	8	cdh7a*A6_cdh2_2	1.7241
209	9	cdh7a*A6_cdh2_2	1.7222
210	10	cdh7a*A6_cdh2_2	1.7231
211	11	cdh7a*A6_cdh2_2	1.7199
212	12	cdh7a*A6_cdh2_2	1.7204
213	13	cdh7a*A6_cdh2_2	1.7213
214	14	cdh7a*A6_cdh2_2	1.7203
215	15	cdh7a*A6_cdh2_2	1.7226
216	16	cdh7a*A6_cdh2_2	1.7209
217	17	cdh7a*A6_cdh2_2	1.7215
218	18	cdh7a*A6_cdh2_2	1.7223
219	19	cdh7a*A6_cdh2_2	1.7229
220	20	cdh7a*A6_cdh2_2	1.7231
221	21	cdh7a*A6_cdh2_2	1.7223
222	22	cdh7a*A6_cdh2_2	1.723
223	23	cdh7a*A6_cdh2_2	1.7241
224	24	cdh7a*A6_cdh2_2	1.7252
225	25	cdh7a*A6_cdh2_2	1.7246
226	26	cdh7a*A6_cdh2_2	1.7252
227	27	cdh7a*A6_cdh2_2	1.7239
228	28	cdh7a*A6_cdh2_2	1.7266
229	29	cdh7a*A6_cdh2_2	1.7276
230	30	cdh7a*A6_cdh2_2	1.728
231	31	cdh7a*A6_cdh2_2	1.7312
232	32	cdh7a*A6_cdh2_2	1.7349
233	33	cdh7a*A6_cdh2_2	1.745
234	34	cdh7a*A6_cdh2_2	1.7648
235	35	cdh7a*A6_cdh2_2	1.801
236	36	cdh7a*A6_cdh2_2	1.8752
237	37	cdh7a*A6_cdh2_2	2.0199
238	38	cdh7a*A6_cdh2_2	2.2789
239	39	cdh7a*A6_cdh2_2	2.6648
240	40	cdh7a*A6_cdh2_2	3.1235
241	1	cdh7a*A7_scr2_1	1.6913
242	2	cdh7a*A7_scr2_1	1.6951
243	3	cdh7a*A7_scr2_1	1.6865
244	4	cdh7a*A7_scr2_1	1.6811
245	5	cdh7a*A7_scr2_1	1.6722
246	6	cdh7a*A7_scr2_1	1.662
247	7	cdh7a*A7_scr2_1	1.6594
248	8	cdh7a*A7_scr2_1	1.6559
249	9	cdh7a*A7_scr2_1	1.6495
250	10	cdh7a*A7_scr2_1	1.6497
251	11	cdh7a*A7_scr2_1	1.6451
252	12	cdh7a*A7_scr2_1	1.6418
253	13	cdh7a*A7_scr2_1	1.643
254	14	cdh7a*A7_scr2_1	1.6395
255	15	cdh7a*A7_scr2_1	1.645
256	16	cdh7a*A7_scr2_1	1.6417
257	17	cdh7a*A7_scr2_1	1.6439
258	18	cdh7a*A7_scr2_1	1.6438
259	19	cdh7a*A7_scr2_1	1.6431
260	20	cdh7a*A7_scr2_1	1.6634
261	21	cdh7a*A7_scr2_1	1.6644
262	22	cdh7a*A7_scr2_1	1.6644
263	23	cdh7a*A7_scr2_1	1.6583
264	24	cdh7a*A7_scr2_1	1.7029
265	25	cdh7a*A7_scr2_1	1.7021
266	26	cdh7a*A7_scr2_1	1.6988
267	27	cdh7a*A7_scr2_1	1.7016
268	28	cdh7a*A7_scr2_1	1.7014
269	29	cdh7a*A7_scr2_1	1.7072
270	30	cdh7a*A7_scr2_1	1.7201
271	31	cdh7a*A7_scr2_1	1.7403
272	32	cdh7a*A7_scr2_1	1.7815
273	33	cdh7a*A7_scr2_1	1.8652
274	34	cdh7a*A7_scr2_1	2.0272
275	35	cdh7a*A7_scr2_1	2.3108
276	36	cdh7a*A7_scr2_1	2.7141
277	37	cdh7a*A7_scr2_1	3.184
278	38	cdh7a*A7_scr2_1	3.6566
279	39	cdh7a*A7_scr2_1	4.1073
280	40	cdh7a*A7_scr2_1	4.4874
281	1	cdh7a*A8_scr2_1	1.6646
282	2	cdh7a*A8_scr2_1	1.6578
283	3	cdh7a*A8_scr2_1	1.654
284	4	cdh7a*A8_scr2_1	1.6468
285	5	cdh7a*A8_scr2_1	1.644
286	6	cdh7a*A8_scr2_1	1.6407
287	7	cdh7a*A8_scr2_1	1.639
288	8	cdh7a*A8_scr2_1	1.6378
289	9	cdh7a*A8_scr2_1	1.6371
290	10	cdh7a*A8_scr2_1	1.6353
291	11	cdh7a*A8_scr2_1	1.6341
292	12	cdh7a*A8_scr2_1	1.6353
293	13	cdh7a*A8_scr2_1	1.6333
294	14	cdh7a*A8_scr2_1	1.6326
295	15	cdh7a*A8_scr2_1	1.6331
296	16	cdh7a*A8_scr2_1	1.6334
297	17	cdh7a*A8_scr2_1	1.6325
298	18	cdh7a*A8_scr2_1	1.6328
299	19	cdh7a*A8_scr2_1	1.6328
300	20	cdh7a*A8_scr2_1	1.6352
301	21	cdh7a*A8_scr2_1	1.6336
302	22	cdh7a*A8_scr2_1	1.634
303	23	cdh7a*A8_scr2_1	1.6337
304	24	cdh7a*A8_scr2_1	1.634
305	25	cdh7a*A8_scr2_1	1.6346
306	26	cdh7a*A8_scr2_1	1.6357
307	27	cdh7a*A8_scr2_1	1.6357
308	28	cdh7a*A8_scr2_1	1.6376
309	29	cdh7a*A8_scr2_1	1.6413
310	30	cdh7a*A8_scr2_1	1.6506
311	31	cdh7a*A8_scr2_1	1.6636
312	32	cdh7a*A8_scr2_1	1.6925
313	33	cdh7a*A8_scr2_1	1.7475
314	34	cdh7a*A8_scr2_1	1.8555
315	35	cdh7a*A8_scr2_1	2.0621
316	36	cdh7a*A8_scr2_1	2.3823
317	37	cdh7a*A8_scr2_1	2.7859
318	38	cdh7a*A8_scr2_1	3.2147
319	39	cdh7a*A8_scr2_1	3.6336
320	40	cdh7a*A8_scr2_1	4.001
321	1	cdh7a*A9_scr2_1	1.811
322	2	cdh7a*A9_scr2_1	1.7936
323	3	cdh7a*A9_scr2_1	1.7843
324	4	cdh7a*A9_scr2_1	1.7705
325	5	cdh7a*A9_scr2_1	1.7585
326	6	cdh7a*A9_scr2_1	1.7547
327	7	cdh7a*A9_scr2_1	1.7428
328	8	cdh7a*A9_scr2_1	1.7381
329	9	cdh7a*A9_scr2_1	1.7362
330	10	cdh7a*A9_scr2_1	1.7259
331	11	cdh7a*A9_scr2_1	1.7232
332	12	cdh7a*A9_scr2_1	1.714
333	13	cdh7a*A9_scr2_1	1.717
334	14	cdh7a*A9_scr2_1	1.7102
335	15	cdh7a*A9_scr2_1	1.6541
336	16	cdh7a*A9_scr2_1	1.6558
337	17	cdh7a*A9_scr2_1	1.6503
338	18	cdh7a*A9_scr2_1	1.6457
339	19	cdh7a*A9_scr2_1	1.6437
340	20	cdh7a*A9_scr2_1	1.6472
341	21	cdh7a*A9_scr2_1	1.6526
342	22	cdh7a*A9_scr2_1	1.6511
343	23	cdh7a*A9_scr2_1	1.6462
344	24	cdh7a*A9_scr2_1	1.6497
345	25	cdh7a*A9_scr2_1	1.6475
346	26	cdh7a*A9_scr2_1	1.6502
347	27	cdh7a*A9_scr2_1	1.6549
348	28	cdh7a*A9_scr2_1	1.6557
349	29	cdh7a*A9_scr2_1	1.6607
350	30	cdh7a*A9_scr2_1	1.6692
351	31	cdh7a*A9_scr2_1	1.696
352	32	cdh7a*A9_scr2_1	1.7349
353	33	cdh7a*A9_scr2_1	1.82
354	34	cdh7a*A9_scr2_1	1.9842
355	35	cdh7a*A9_scr2_1	2.2611
356	36	cdh7a*A9_scr2_1	2.6528
357	37	cdh7a*A9_scr2_1	3.1084
358	38	cdh7a*A9_scr2_1	3.5496
359	39	cdh7a*A9_scr2_1	3.9631
360	40	cdh7a*A9_scr2_1	4.3306
361	1	cdh7a*A10_scr2_2	1.5733
362	2	cdh7a*A10_scr2_2	1.5664
363	3	cdh7a*A10_scr2_2	1.563
364	4	cdh7a*A10_scr2_2	1.5596
365	5	cdh7a*A10_scr2_2	1.5562
366	6	cdh7a*A10_scr2_2	1.5522
367	7	cdh7a*A10_scr2_2	1.551
368	8	cdh7a*A10_scr2_2	1.5501
369	9	cdh7a*A10_scr2_2	1.5507
370	10	cdh7a*A10_scr2_2	1.55
371	11	cdh7a*A10_scr2_2	1.5495
372	12	cdh7a*A10_scr2_2	1.601
373	13	cdh7a*A10_scr2_2	1.6002
374	14	cdh7a*A10_scr2_2	1.5987
375	15	cdh7a*A10_scr2_2	1.5986
376	16	cdh7a*A10_scr2_2	1.5979
377	17	cdh7a*A10_scr2_2	1.5976
378	18	cdh7a*A10_scr2_2	1.5993
379	19	cdh7a*A10_scr2_2	1.5966
380	20	cdh7a*A10_scr2_2	1.5971
381	21	cdh7a*A10_scr2_2	1.5958
382	22	cdh7a*A10_scr2_2	1.5973
383	23	cdh7a*A10_scr2_2	1.5973
384	24	cdh7a*A10_scr2_2	1.598
385	25	cdh7a*A10_scr2_2	1.5987
386	26	cdh7a*A10_scr2_2	1.5992
387	27	cdh7a*A10_scr2_2	1.5995
388	28	cdh7a*A10_scr2_2	1.6018
389	29	cdh7a*A10_scr2_2	1.6071
390	30	cdh7a*A10_scr2_2	1.6176
391	31	cdh7a*A10_scr2_2	1.638
392	32	cdh7a*A10_scr2_2	1.6741
393	33	cdh7a*A10_scr2_2	1.7503
394	34	cdh7a*A10_scr2_2	1.8947
395	35	cdh7a*A10_scr2_2	2.1462
396	36	cdh7a*A10_scr2_2	2.5079
397	37	cdh7a*A10_scr2_2	2.9283
398	38	cdh7a*A10_scr2_2	3.3532
399	39	cdh7a*A10_scr2_2	3.7584
400	40	cdh7a*A10_scr2_2	4.0815
401	1	cdh7a*A11_scr2_2	1.615
402	2	cdh7a*A11_scr2_2	1.6113
403	3	cdh7a*A11_scr2_2	1.6097
404	4	cdh7a*A11_scr2_2	1.6077
405	5	cdh7a*A11_scr2_2	1.6002
406	6	cdh7a*A11_scr2_2	1.5959
407	7	cdh7a*A11_scr2_2	1.5925
408	8	cdh7a*A11_scr2_2	1.5887
409	9	cdh7a*A11_scr2_2	1.591
410	10	cdh7a*A11_scr2_2	1.585
411	11	cdh7a*A11_scr2_2	1.6057
412	12	cdh7a*A11_scr2_2	1.6052
413	13	cdh7a*A11_scr2_2	1.6025
414	14	cdh7a*A11_scr2_2	1.6005
415	15	cdh7a*A11_scr2_2	1.6025
416	16	cdh7a*A11_scr2_2	1.6006
417	17	cdh7a*A11_scr2_2	1.6013
418	18	cdh7a*A11_scr2_2	1.601
419	19	cdh7a*A11_scr2_2	1.6021
420	20	cdh7a*A11_scr2_2	1.5998
421	21	cdh7a*A11_scr2_2	1.6031
422	22	cdh7a*A11_scr2_2	1.5978
423	23	cdh7a*A11_scr2_2	1.6027
424	24	cdh7a*A11_scr2_2	1.5989
425	25	cdh7a*A11_scr2_2	1.5992
426	26	cdh7a*A11_scr2_2	1.601
427	27	cdh7a*A11_scr2_2	1.6031
428	28	cdh7a*A11_scr2_2	1.6047
429	29	cdh7a*A11_scr2_2	1.6031
430	30	cdh7a*A11_scr2_2	1.6104
431	31	cdh7a*A11_scr2_2	1.6214
432	32	cdh7a*A11_scr2_2	1.6464
433	33	cdh7a*A11_scr2_2	1.6861
434	34	cdh7a*A11_scr2_2	1.7685
435	35	cdh7a*A11_scr2_2	1.9315
436	36	cdh7a*A11_scr2_2	2.2058
437	37	cdh7a*A11_scr2_2	2.582
438	38	cdh7a*A11_scr2_2	3.007
439	39	cdh7a*A11_scr2_2	3.4274
440	40	cdh7a*A11_scr2_2	3.8119
441	1	cdh7a*A12_scr2_2	1.7143
442	2	cdh7a*A12_scr2_2	1.7053
443	3	cdh7a*A12_scr2_2	1.7019
444	4	cdh7a*A12_scr2_2	1.6966
445	5	cdh7a*A12_scr2_2	1.6922
446	6	cdh7a*A12_scr2_2	1.69
447	7	cdh7a*A12_scr2_2	1.6861
448	8	cdh7a*A12_scr2_2	1.656
449	9	cdh7a*A12_scr2_2	1.6534
450	10	cdh7a*A12_scr2_2	1.6496
451	11	cdh7a*A12_scr2_2	1.647
452	12	cdh7a*A12_scr2_2	1.6462
453	13	cdh7a*A12_scr2_2	1.647
454	14	cdh7a*A12_scr2_2	1.6458
455	15	cdh7a*A12_scr2_2	1.6454
456	16	cdh7a*A12_scr2_2	1.6453
457	17	cdh7a*A12_scr2_2	1.6444
458	18	cdh7a*A12_scr2_2	1.6445
459	19	cdh7a*A12_scr2_2	1.6455
460	20	cdh7a*A12_scr2_2	1.645
461	21	cdh7a*A12_scr2_2	1.6446
462	22	cdh7a*A12_scr2_2	1.6454
463	23	cdh7a*A12_scr2_2	1.6459
464	24	cdh7a*A12_scr2_2	1.6469
465	25	cdh7a*A12_scr2_2	1.6455
466	26	cdh7a*A12_scr2_2	1.6468
467	27	cdh7a*A12_scr2_2	1.6496
468	28	cdh7a*A12_scr2_2	1.6491
469	29	cdh7a*A12_scr2_2	1.6536
470	30	cdh7a*A12_scr2_2	1.6631
471	31	cdh7a*A12_scr2_2	1.6791
472	32	cdh7a*A12_scr2_2	1.7131
473	33	cdh7a*A12_scr2_2	1.7791
474	34	cdh7a*A12_scr2_2	1.9106
475	35	cdh7a*A12_scr2_2	2.1429
476	36	cdh7a*A12_scr2_2	2.4942
477	37	cdh7a*A12_scr2_2	2.9272
478	38	cdh7a*A12_scr2_2	3.3761
479	39	cdh7a*A12_scr2_2	3.8026
480	40	cdh7a*A12_scr2_2	4.1673
