Cycles	Run	Rn
1	1	cdh7a*A1_cdh1-1	1.7839
2	2	cdh7a*A1_cdh1-1	1.7751
3	3	cdh7a*A1_cdh1-1	1.7709
4	4	cdh7a*A1_cdh1-1	1.7704
5	5	cdh7a*A1_cdh1-1	1.7674
6	6	cdh7a*A1_cdh1-1	1.7658
7	7	cdh7a*A1_cdh1-1	1.7676
8	8	cdh7a*A1_cdh1-1	1.7643
9	9	cdh7a*A1_cdh1-1	1.7631
10	10	cdh7a*A1_cdh1-1	1.7632
11	11	cdh7a*A1_cdh1-1	1.7634
12	12	cdh7a*A1_cdh1-1	1.7626
13	13	cdh7a*A1_cdh1-1	1.7599
14	14	cdh7a*A1_cdh1-1	1.765
15	15	cdh7a*A1_cdh1-1	1.7653
16	16	cdh7a*A1_cdh1-1	1.7656
17	17	cdh7a*A1_cdh1-1	1.7628
18	18	cdh7a*A1_cdh1-1	1.7627
19	19	cdh7a*A1_cdh1-1	1.7605
20	20	cdh7a*A1_cdh1-1	1.7626
21	21	cdh7a*A1_cdh1-1	1.7628
22	22	cdh7a*A1_cdh1-1	1.7635
23	23	cdh7a*A1_cdh1-1	1.7661
24	24	cdh7a*A1_cdh1-1	1.7638
25	25	cdh7a*A1_cdh1-1	1.7649
26	26	cdh7a*A1_cdh1-1	1.7654
27	27	cdh7a*A1_cdh1-1	1.7666
28	28	cdh7a*A1_cdh1-1	1.7722
29	29	cdh7a*A1_cdh1-1	1.7821
30	30	cdh7a*A1_cdh1-1	1.7937
31	31	cdh7a*A1_cdh1-1	1.8228
32	32	cdh7a*A1_cdh1-1	1.8794
33	33	cdh7a*A1_cdh1-1	1.9885
34	34	cdh7a*A1_cdh1-1	2.1905
35	35	cdh7a*A1_cdh1-1	2.5196
36	36	cdh7a*A1_cdh1-1	2.9141
37	37	cdh7a*A1_cdh1-1	3.3536
38	38	cdh7a*A1_cdh1-1	3.781
39	39	cdh7a*A1_cdh1-1	4.1525
40	40	cdh7a*A1_cdh1-1	4.4598
41	1	cdh7a*A2_cdh1-1	1.7734
42	2	cdh7a*A2_cdh1-1	1.7711
43	3	cdh7a*A2_cdh1-1	1.8446
44	4	cdh7a*A2_cdh1-1	1.8423
45	5	cdh7a*A2_cdh1-1	1.8381
46	6	cdh7a*A2_cdh1-1	1.8349
47	7	cdh7a*A2_cdh1-1	1.8305
48	8	cdh7a*A2_cdh1-1	1.8286
49	9	cdh7a*A2_cdh1-1	1.8276
50	10	cdh7a*A2_cdh1-1	1.8245
51	11	cdh7a*A2_cdh1-1	1.8238
52	12	cdh7a*A2_cdh1-1	1.8238
53	13	cdh7a*A2_cdh1-1	1.8217
54	14	cdh7a*A2_cdh1-1	1.8152
55	15	cdh7a*A2_cdh1-1	1.8169
56	16	cdh7a*A2_cdh1-1	1.8167
57	17	cdh7a*A2_cdh1-1	1.8184
58	18	cdh7a*A2_cdh1-1	1.8181
59	19	cdh7a*A2_cdh1-1	1.8178
60	20	cdh7a*A2_cdh1-1	1.8188
61	21	cdh7a*A2_cdh1-1	1.8177
62	22	cdh7a*A2_cdh1-1	1.8176
63	23	cdh7a*A2_cdh1-1	1.8178
64	24	cdh7a*A2_cdh1-1	1.8183
65	25	cdh7a*A2_cdh1-1	1.8166
66	26	cdh7a*A2_cdh1-1	1.8201
67	27	cdh7a*A2_cdh1-1	1.8178
68	28	cdh7a*A2_cdh1-1	1.825
69	29	cdh7a*A2_cdh1-1	1.8328
70	30	cdh7a*A2_cdh1-1	1.8494
71	31	cdh7a*A2_cdh1-1	1.8803
72	32	cdh7a*A2_cdh1-1	1.938
73	33	cdh7a*A2_cdh1-1	2.0589
74	34	cdh7a*A2_cdh1-1	2.2821
75	35	cdh7a*A2_cdh1-1	2.6286
76	36	cdh7a*A2_cdh1-1	3.0543
77	37	cdh7a*A2_cdh1-1	3.5042
78	38	cdh7a*A2_cdh1-1	3.9549
79	39	cdh7a*A2_cdh1-1	4.3443
80	40	cdh7a*A2_cdh1-1	4.6635
81	1	cdh7a*A3_cdh1-1	1.8793
82	2	cdh7a*A3_cdh1-1	1.8869
83	3	cdh7a*A3_cdh1-1	1.8843
84	4	cdh7a*A3_cdh1-1	1.8805
85	5	cdh7a*A3_cdh1-1	1.8736
86	6	cdh7a*A3_cdh1-1	1.8671
87	7	cdh7a*A3_cdh1-1	1.8608
88	8	cdh7a*A3_cdh1-1	1.8589
89	9	cdh7a*A3_cdh1-1	1.8509
90	10	cdh7a*A3_cdh1-1	1.8199
91	11	cdh7a*A3_cdh1-1	1.818
92	12	cdh7a*A3_cdh1-1	1.8204
93	13	cdh7a*A3_cdh1-1	1.822
94	14	cdh7a*A3_cdh1-1	1.8228
95	15	cdh7a*A3_cdh1-1	1.8224
96	16	cdh7a*A3_cdh1-1	1.8217
97	17	cdh7a*A3_cdh1-1	1.8248
98	18	cdh7a*A3_cdh1-1	1.8237
99	19	cdh7a*A3_cdh1-1	1.8259
100	20	cdh7a*A3_cdh1-1	1.8249
101	21	cdh7a*A3_cdh1-1	1.8242
102	22	cdh7a*A3_cdh1-1	1.8217
103	23	cdh7a*A3_cdh1-1	1.8226
104	24	cdh7a*A3_cdh1-1	1.8253
105	25	cdh7a*A3_cdh1-1	1.8263
106	26	cdh7a*A3_cdh1-1	1.8277
107	27	cdh7a*A3_cdh1-1	1.8312
108	28	cdh7a*A3_cdh1-1	1.836
109	29	cdh7a*A3_cdh1-1	1.846
110	30	cdh7a*A3_cdh1-1	1.8682
111	31	cdh7a*A3_cdh1-1	1.9104
112	32	cdh7a*A3_cdh1-1	1.9949
113	33	cdh7a*A3_cdh1-1	2.1559
114	34	cdh7a*A3_cdh1-1	2.4378
115	35	cdh7a*A3_cdh1-1	2.8369
116	36	cdh7a*A3_cdh1-1	3.2887
117	37	cdh7a*A3_cdh1-1	3.737
118	38	cdh7a*A3_cdh1-1	4.1494
119	39	cdh7a*A3_cdh1-1	4.4895
120	40	cdh7a*A3_cdh1-1	4.7561
121	1	cdh7a*A4_cdh1-2	1.7711
122	2	cdh7a*A4_cdh1-2	1.7715
123	3	cdh7a*A4_cdh1-2	1.7681
124	4	cdh7a*A4_cdh1-2	1.7664
125	5	cdh7a*A4_cdh1-2	1.7653
126	6	cdh7a*A4_cdh1-2	1.8147
127	7	cdh7a*A4_cdh1-2	1.8138
128	8	cdh7a*A4_cdh1-2	1.8124
129	9	cdh7a*A4_cdh1-2	1.8117
130	10	cdh7a*A4_cdh1-2	1.8103
131	11	cdh7a*A4_cdh1-2	1.8095
132	12	cdh7a*A4_cdh1-2	1.8092
133	13	cdh7a*A4_cdh1-2	1.8082
134	14	cdh7a*A4_cdh1-2	1.8093
135	15	cdh7a*A4_cdh1-2	1.807
136	16	cdh7a*A4_cdh1-2	1.8074
137	17	cdh7a*A4_cdh1-2	1.8059
138	18	cdh7a*A4_cdh1-2	1.8061
139	19	cdh7a*A4_cdh1-2	1.8088
140	20	cdh7a*A4_cdh1-2	1.8057
141	21	cdh7a*A4_cdh1-2	1.806
142	22	cdh7a*A4_cdh1-2	1.8087
143	23	cdh7a*A4_cdh1-2	1.8073
144	24	cdh7a*A4_cdh1-2	1.8087
145	25	cdh7a*A4_cdh1-2	1.8106
146	26	cdh7a*A4_cdh1-2	1.8118
147	27	cdh7a*A4_cdh1-2	1.8129
148	28	cdh7a*A4_cdh1-2	1.818
149	29	cdh7a*A4_cdh1-2	1.8293
150	30	cdh7a*A4_cdh1-2	1.8493
151	31	cdh7a*A4_cdh1-2	1.8876
152	32	cdh7a*A4_cdh1-2	1.9636
153	33	cdh7a*A4_cdh1-2	2.1119
154	34	cdh7a*A4_cdh1-2	2.3718
155	35	cdh7a*A4_cdh1-2	2.7488
156	36	cdh7a*A4_cdh1-2	3.1807
157	37	cdh7a*A4_cdh1-2	3.6167
158	38	cdh7a*A4_cdh1-2	4.0208
159	39	cdh7a*A4_cdh1-2	4.3641
160	40	cdh7a*A4_cdh1-2	4.6365
161	1	cdh7a*A5_cdh1-2	1.8613
162	2	cdh7a*A5_cdh1-2	1.8615
163	3	cdh7a*A5_cdh1-2	1.8561
164	4	cdh7a*A5_cdh1-2	1.8321
165	5	cdh7a*A5_cdh1-2	1.8296
166	6	cdh7a*A5_cdh1-2	1.8262
167	7	cdh7a*A5_cdh1-2	1.8235
168	8	cdh7a*A5_cdh1-2	1.822
169	9	cdh7a*A5_cdh1-2	1.82
170	10	cdh7a*A5_cdh1-2	1.8189
171	11	cdh7a*A5_cdh1-2	1.8146
172	12	cdh7a*A5_cdh1-2	1.8178
173	13	cdh7a*A5_cdh1-2	1.8184
174	14	cdh7a*A5_cdh1-2	1.8198
175	15	cdh7a*A5_cdh1-2	1.8205
176	16	cdh7a*A5_cdh1-2	1.8155
177	17	cdh7a*A5_cdh1-2	1.8146
178	18	cdh7a*A5_cdh1-2	1.814
179	19	cdh7a*A5_cdh1-2	1.811
180	20	cdh7a*A5_cdh1-2	1.8144
181	21	cdh7a*A5_cdh1-2	1.8152
182	22	cdh7a*A5_cdh1-2	1.8143
183	23	cdh7a*A5_cdh1-2	1.8131
184	24	cdh7a*A5_cdh1-2	1.812
185	25	cdh7a*A5_cdh1-2	1.8151
186	26	cdh7a*A5_cdh1-2	1.8131
187	27	cdh7a*A5_cdh1-2	1.816
188	28	cdh7a*A5_cdh1-2	1.8247
189	29	cdh7a*A5_cdh1-2	1.8298
190	30	cdh7a*A5_cdh1-2	1.8449
191	31	cdh7a*A5_cdh1-2	1.8799
192	32	cdh7a*A5_cdh1-2	1.929
193	33	cdh7a*A5_cdh1-2	2.0395
194	34	cdh7a*A5_cdh1-2	2.2429
195	35	cdh7a*A5_cdh1-2	2.57
196	36	cdh7a*A5_cdh1-2	2.9891
197	37	cdh7a*A5_cdh1-2	3.4486
198	38	cdh7a*A5_cdh1-2	3.8763
199	39	cdh7a*A5_cdh1-2	4.2476
200	40	cdh7a*A5_cdh1-2	4.5513
201	1	cdh7a*A6_cdh1-2	1.8484
202	2	cdh7a*A6_cdh1-2	1.8351
203	3	cdh7a*A6_cdh1-2	1.8367
204	4	cdh7a*A6_cdh1-2	1.8324
205	5	cdh7a*A6_cdh1-2	1.8247
206	6	cdh7a*A6_cdh1-2	1.819
207	7	cdh7a*A6_cdh1-2	1.8153
208	8	cdh7a*A6_cdh1-2	1.8191
209	9	cdh7a*A6_cdh1-2	1.8114
210	10	cdh7a*A6_cdh1-2	1.8178
211	11	cdh7a*A6_cdh1-2	1.8142
212	12	cdh7a*A6_cdh1-2	1.815
213	13	cdh7a*A6_cdh1-2	1.816
214	14	cdh7a*A6_cdh1-2	1.8145
215	15	cdh7a*A6_cdh1-2	1.8172
216	16	cdh7a*A6_cdh1-2	1.8106
217	17	cdh7a*A6_cdh1-2	1.8101
218	18	cdh7a*A6_cdh1-2	1.8126
219	19	cdh7a*A6_cdh1-2	1.8123
220	20	cdh7a*A6_cdh1-2	1.8114
221	21	cdh7a*A6_cdh1-2	1.8102
222	22	cdh7a*A6_cdh1-2	1.8082
223	23	cdh7a*A6_cdh1-2	1.8113
224	24	cdh7a*A6_cdh1-2	1.8119
225	25	cdh7a*A6_cdh1-2	1.8136
226	26	cdh7a*A6_cdh1-2	1.8127
227	27	cdh7a*A6_cdh1-2	1.8192
228	28	cdh7a*A6_cdh1-2	1.823
229	29	cdh7a*A6_cdh1-2	1.8251
230	30	cdh7a*A6_cdh1-2	1.8554
231	31	cdh7a*A6_cdh1-2	1.8937
232	32	cdh7a*A6_cdh1-2	1.9699
233	33	cdh7a*A6_cdh1-2	2.1197
234	34	cdh7a*A6_cdh1-2	2.3855
235	35	cdh7a*A6_cdh1-2	2.7727
236	36	cdh7a*A6_cdh1-2	3.2036
237	37	cdh7a*A6_cdh1-2	3.6673
238	38	cdh7a*A6_cdh1-2	4.0771
239	39	cdh7a*A6_cdh1-2	4.4182
240	40	cdh7a*A6_cdh1-2	4.6923
241	1	cdh7a*A7_cdh2-1	1.7058
242	2	cdh7a*A7_cdh2-1	1.7007
243	3	cdh7a*A7_cdh2-1	1.6978
244	4	cdh7a*A7_cdh2-1	1.6651
245	5	cdh7a*A7_cdh2-1	1.6655
246	6	cdh7a*A7_cdh2-1	1.6596
247	7	cdh7a*A7_cdh2-1	1.6571
248	8	cdh7a*A7_cdh2-1	1.6559
249	9	cdh7a*A7_cdh2-1	1.6559
250	10	cdh7a*A7_cdh2-1	1.653
251	11	cdh7a*A7_cdh2-1	1.654
252	12	cdh7a*A7_cdh2-1	1.6551
253	13	cdh7a*A7_cdh2-1	1.6553
254	14	cdh7a*A7_cdh2-1	1.6535
255	15	cdh7a*A7_cdh2-1	1.6502
256	16	cdh7a*A7_cdh2-1	1.65
257	17	cdh7a*A7_cdh2-1	1.6502
258	18	cdh7a*A7_cdh2-1	1.6509
259	19	cdh7a*A7_cdh2-1	1.6498
260	20	cdh7a*A7_cdh2-1	1.6501
261	21	cdh7a*A7_cdh2-1	1.65
262	22	cdh7a*A7_cdh2-1	1.649
263	23	cdh7a*A7_cdh2-1	1.6494
264	24	cdh7a*A7_cdh2-1	1.6496
265	25	cdh7a*A7_cdh2-1	1.6464
266	26	cdh7a*A7_cdh2-1	1.6499
267	27	cdh7a*A7_cdh2-1	1.6511
268	28	cdh7a*A7_cdh2-1	1.6554
269	29	cdh7a*A7_cdh2-1	1.659
270	30	cdh7a*A7_cdh2-1	1.6717
271	31	cdh7a*A7_cdh2-1	1.6972
272	32	cdh7a*A7_cdh2-1	1.7367
273	33	cdh7a*A7_cdh2-1	1.8307
274	34	cdh7a*A7_cdh2-1	1.9962
275	35	cdh7a*A7_cdh2-1	2.2647
276	36	cdh7a*A7_cdh2-1	2.6139
277	37	cdh7a*A7_cdh2-1	2.9849
278	38	cdh7a*A7_cdh2-1	3.3313
279	39	cdh7a*A7_cdh2-1	3.6357
280	40	cdh7a*A7_cdh2-1	3.8891
281	1	cdh7a*A8_cdh2-1	1.7773
282	2	cdh7a*A8_cdh2-1	1.7727
283	3	cdh7a*A8_cdh2-1	1.77
284	4	cdh7a*A8_cdh2-1	1.7667
285	5	cdh7a*A8_cdh2-1	1.76
286	6	cdh7a*A8_cdh2-1	1.7555
287	7	cdh7a*A8_cdh2-1	1.7569
288	8	cdh7a*A8_cdh2-1	1.7549
289	9	cdh7a*A8_cdh2-1	1.7543
290	10	cdh7a*A8_cdh2-1	1.7506
291	11	cdh7a*A8_cdh2-1	1.7497
292	12	cdh7a*A8_cdh2-1	1.749
293	13	cdh7a*A8_cdh2-1	1.7465
294	14	cdh7a*A8_cdh2-1	1.7462
295	15	cdh7a*A8_cdh2-1	1.7451
296	16	cdh7a*A8_cdh2-1	1.7438
297	17	cdh7a*A8_cdh2-1	1.7455
298	18	cdh7a*A8_cdh2-1	1.7451
299	19	cdh7a*A8_cdh2-1	1.7439
300	20	cdh7a*A8_cdh2-1	1.7433
301	21	cdh7a*A8_cdh2-1	1.743
302	22	cdh7a*A8_cdh2-1	1.7447
303	23	cdh7a*A8_cdh2-1	1.7431
304	24	cdh7a*A8_cdh2-1	1.7445
305	25	cdh7a*A8_cdh2-1	1.7442
306	26	cdh7a*A8_cdh2-1	1.7445
307	27	cdh7a*A8_cdh2-1	1.7469
308	28	cdh7a*A8_cdh2-1	1.7498
309	29	cdh7a*A8_cdh2-1	1.7556
310	30	cdh7a*A8_cdh2-1	1.7674
311	31	cdh7a*A8_cdh2-1	1.789
312	32	cdh7a*A8_cdh2-1	1.836
313	33	cdh7a*A8_cdh2-1	1.9287
314	34	cdh7a*A8_cdh2-1	2.0955
315	35	cdh7a*A8_cdh2-1	2.3903
316	36	cdh7a*A8_cdh2-1	2.7806
317	37	cdh7a*A8_cdh2-1	3.2046
318	38	cdh7a*A8_cdh2-1	3.633
319	39	cdh7a*A8_cdh2-1	3.9968
320	40	cdh7a*A8_cdh2-1	4.3092
321	1	cdh7a*A9_cdh2-1	1.9138
322	2	cdh7a*A9_cdh2-1	1.9017
323	3	cdh7a*A9_cdh2-1	1.8861
324	4	cdh7a*A9_cdh2-1	1.8702
325	5	cdh7a*A9_cdh2-1	1.8657
326	6	cdh7a*A9_cdh2-1	1.8546
327	7	cdh7a*A9_cdh2-1	1.8507
328	8	cdh7a*A9_cdh2-1	1.8473
329	9	cdh7a*A9_cdh2-1	1.8448
330	10	cdh7a*A9_cdh2-1	1.8392
331	11	cdh7a*A9_cdh2-1	1.8328
332	12	cdh7a*A9_cdh2-1	1.8265
333	13	cdh7a*A9_cdh2-1	1.7479
334	14	cdh7a*A9_cdh2-1	1.7485
335	15	cdh7a*A9_cdh2-1	1.7527
336	16	cdh7a*A9_cdh2-1	1.7497
337	17	cdh7a*A9_cdh2-1	1.7534
338	18	cdh7a*A9_cdh2-1	1.7505
339	19	cdh7a*A9_cdh2-1	1.7516
340	20	cdh7a*A9_cdh2-1	1.7511
341	21	cdh7a*A9_cdh2-1	1.7502
342	22	cdh7a*A9_cdh2-1	1.7509
343	23	cdh7a*A9_cdh2-1	1.7525
344	24	cdh7a*A9_cdh2-1	1.7531
345	25	cdh7a*A9_cdh2-1	1.7517
346	26	cdh7a*A9_cdh2-1	1.7527
347	27	cdh7a*A9_cdh2-1	1.7529
348	28	cdh7a*A9_cdh2-1	1.7547
349	29	cdh7a*A9_cdh2-1	1.7622
350	30	cdh7a*A9_cdh2-1	1.7772
351	31	cdh7a*A9_cdh2-1	1.8057
352	32	cdh7a*A9_cdh2-1	1.8683
353	33	cdh7a*A9_cdh2-1	1.9789
354	34	cdh7a*A9_cdh2-1	2.1873
355	35	cdh7a*A9_cdh2-1	2.5274
356	36	cdh7a*A9_cdh2-1	2.9652
357	37	cdh7a*A9_cdh2-1	3.4397
358	38	cdh7a*A9_cdh2-1	3.8989
359	39	cdh7a*A9_cdh2-1	4.2909
360	40	cdh7a*A9_cdh2-1	4.6129
361	1	cdh7a*A10_cdh2-2	1.8069
362	2	cdh7a*A10_cdh2-2	1.802
363	3	cdh7a*A10_cdh2-2	1.7999
364	4	cdh7a*A10_cdh2-2	1.7924
365	5	cdh7a*A10_cdh2-2	1.7918
366	6	cdh7a*A10_cdh2-2	1.7731
367	7	cdh7a*A10_cdh2-2	1.7709
368	8	cdh7a*A10_cdh2-2	1.7692
369	9	cdh7a*A10_cdh2-2	1.7655
370	10	cdh7a*A10_cdh2-2	1.7669
371	11	cdh7a*A10_cdh2-2	1.7616
372	12	cdh7a*A10_cdh2-2	1.763
373	13	cdh7a*A10_cdh2-2	1.7607
374	14	cdh7a*A10_cdh2-2	1.7592
375	15	cdh7a*A10_cdh2-2	1.7651
376	16	cdh7a*A10_cdh2-2	1.7609
377	17	cdh7a*A10_cdh2-2	1.7591
378	18	cdh7a*A10_cdh2-2	1.7639
379	19	cdh7a*A10_cdh2-2	1.7569
380	20	cdh7a*A10_cdh2-2	1.7562
381	21	cdh7a*A10_cdh2-2	1.7549
382	22	cdh7a*A10_cdh2-2	1.7571
383	23	cdh7a*A10_cdh2-2	1.7559
384	24	cdh7a*A10_cdh2-2	1.7588
385	25	cdh7a*A10_cdh2-2	1.7584
386	26	cdh7a*A10_cdh2-2	1.756
387	27	cdh7a*A10_cdh2-2	1.7589
388	28	cdh7a*A10_cdh2-2	1.7683
389	29	cdh7a*A10_cdh2-2	1.7708
390	30	cdh7a*A10_cdh2-2	1.7776
391	31	cdh7a*A10_cdh2-2	1.8018
392	32	cdh7a*A10_cdh2-2	1.8459
393	33	cdh7a*A10_cdh2-2	1.9346
394	34	cdh7a*A10_cdh2-2	2.1104
395	35	cdh7a*A10_cdh2-2	2.3977
396	36	cdh7a*A10_cdh2-2	2.8096
397	37	cdh7a*A10_cdh2-2	3.2875
398	38	cdh7a*A10_cdh2-2	3.7586
399	39	cdh7a*A10_cdh2-2	4.1902
400	40	cdh7a*A10_cdh2-2	4.5503
401	1	cdh7a*A11_cdh2-2	1.7743
402	2	cdh7a*A11_cdh2-2	1.7707
403	3	cdh7a*A11_cdh2-2	1.765
404	4	cdh7a*A11_cdh2-2	1.76
405	5	cdh7a*A11_cdh2-2	1.7477
406	6	cdh7a*A11_cdh2-2	1.7486
407	7	cdh7a*A11_cdh2-2	1.741
408	8	cdh7a*A11_cdh2-2	1.7447
409	9	cdh7a*A11_cdh2-2	1.7422
410	10	cdh7a*A11_cdh2-2	1.7422
411	11	cdh7a*A11_cdh2-2	1.7417
412	12	cdh7a*A11_cdh2-2	1.7335
413	13	cdh7a*A11_cdh2-2	1.7394
414	14	cdh7a*A11_cdh2-2	1.7383
415	15	cdh7a*A11_cdh2-2	1.7387
416	16	cdh7a*A11_cdh2-2	1.732
417	17	cdh7a*A11_cdh2-2	1.7418
418	18	cdh7a*A11_cdh2-2	1.7373
419	19	cdh7a*A11_cdh2-2	1.7384
420	20	cdh7a*A11_cdh2-2	1.7382
421	21	cdh7a*A11_cdh2-2	1.7314
422	22	cdh7a*A11_cdh2-2	1.7405
423	23	cdh7a*A11_cdh2-2	1.732
424	24	cdh7a*A11_cdh2-2	1.7336
425	25	cdh7a*A11_cdh2-2	1.7282
426	26	cdh7a*A11_cdh2-2	1.7363
427	27	cdh7a*A11_cdh2-2	1.7402
428	28	cdh7a*A11_cdh2-2	1.743
429	29	cdh7a*A11_cdh2-2	1.7499
430	30	cdh7a*A11_cdh2-2	1.7525
431	31	cdh7a*A11_cdh2-2	1.7655
432	32	cdh7a*A11_cdh2-2	1.8006
433	33	cdh7a*A11_cdh2-2	1.8718
434	34	cdh7a*A11_cdh2-2	2.0023
435	35	cdh7a*A11_cdh2-2	2.2335
436	36	cdh7a*A11_cdh2-2	2.5847
437	37	cdh7a*A11_cdh2-2	2.9999
438	38	cdh7a*A11_cdh2-2	3.4387
439	39	cdh7a*A11_cdh2-2	3.8596
440	40	cdh7a*A11_cdh2-2	4.2212
441	1	cdh7a*A12_cdh2-2	1.7847
442	2	cdh7a*A12_cdh2-2	1.7988
443	3	cdh7a*A12_cdh2-2	1.7861
444	4	cdh7a*A12_cdh2-2	1.7817
445	5	cdh7a*A12_cdh2-2	1.7772
446	6	cdh7a*A12_cdh2-2	1.773
447	7	cdh7a*A12_cdh2-2	1.7705
448	8	cdh7a*A12_cdh2-2	1.7675
449	9	cdh7a*A12_cdh2-2	1.7674
450	10	cdh7a*A12_cdh2-2	1.7633
451	11	cdh7a*A12_cdh2-2	1.7639
452	12	cdh7a*A12_cdh2-2	1.7628
453	13	cdh7a*A12_cdh2-2	1.7562
454	14	cdh7a*A12_cdh2-2	1.76
455	15	cdh7a*A12_cdh2-2	1.7591
456	16	cdh7a*A12_cdh2-2	1.7601
457	17	cdh7a*A12_cdh2-2	1.757
458	18	cdh7a*A12_cdh2-2	1.7584
459	19	cdh7a*A12_cdh2-2	1.7594
460	20	cdh7a*A12_cdh2-2	1.7555
461	21	cdh7a*A12_cdh2-2	1.7539
462	22	cdh7a*A12_cdh2-2	1.7576
463	23	cdh7a*A12_cdh2-2	1.7558
464	24	cdh7a*A12_cdh2-2	1.7583
465	25	cdh7a*A12_cdh2-2	1.7578
466	26	cdh7a*A12_cdh2-2	1.76
467	27	cdh7a*A12_cdh2-2	1.7616
468	28	cdh7a*A12_cdh2-2	1.7663
469	29	cdh7a*A12_cdh2-2	1.7775
470	30	cdh7a*A12_cdh2-2	1.7948
471	31	cdh7a*A12_cdh2-2	1.829
472	32	cdh7a*A12_cdh2-2	1.8976
473	33	cdh7a*A12_cdh2-2	2.0427
474	34	cdh7a*A12_cdh2-2	2.2967
475	35	cdh7a*A12_cdh2-2	2.6928
476	36	cdh7a*A12_cdh2-2	3.1919
477	37	cdh7a*A12_cdh2-2	3.7118
478	38	cdh7a*A12_cdh2-2	4.204
479	39	cdh7a*A12_cdh2-2	4.6201
480	40	cdh7a*A12_cdh2-2	4.964
481	1	cdh7a*B1_scr1-1	1.8067
482	2	cdh7a*B1_scr1-1	1.8001
483	3	cdh7a*B1_scr1-1	1.7931
484	4	cdh7a*B1_scr1-1	1.7893
485	5	cdh7a*B1_scr1-1	1.7842
486	6	cdh7a*B1_scr1-1	1.7772
487	7	cdh7a*B1_scr1-1	1.7809
488	8	cdh7a*B1_scr1-1	1.7761
489	9	cdh7a*B1_scr1-1	1.7771
490	10	cdh7a*B1_scr1-1	1.7725
491	11	cdh7a*B1_scr1-1	1.7708
492	12	cdh7a*B1_scr1-1	1.769
493	13	cdh7a*B1_scr1-1	1.7708
494	14	cdh7a*B1_scr1-1	1.7706
495	15	cdh7a*B1_scr1-1	1.773
496	16	cdh7a*B1_scr1-1	1.7708
497	17	cdh7a*B1_scr1-1	1.7676
498	18	cdh7a*B1_scr1-1	1.7679
499	19	cdh7a*B1_scr1-1	1.771
500	20	cdh7a*B1_scr1-1	1.7685
501	21	cdh7a*B1_scr1-1	1.7667
502	22	cdh7a*B1_scr1-1	1.7677
503	23	cdh7a*B1_scr1-1	1.7692
504	24	cdh7a*B1_scr1-1	1.7718
505	25	cdh7a*B1_scr1-1	1.7754
506	26	cdh7a*B1_scr1-1	1.7808
507	27	cdh7a*B1_scr1-1	1.7977
508	28	cdh7a*B1_scr1-1	1.8178
509	29	cdh7a*B1_scr1-1	1.874
510	30	cdh7a*B1_scr1-1	1.9721
511	31	cdh7a*B1_scr1-1	2.1667
512	32	cdh7a*B1_scr1-1	2.4704
513	33	cdh7a*B1_scr1-1	2.8777
514	34	cdh7a*B1_scr1-1	3.3203
515	35	cdh7a*B1_scr1-1	3.7564
516	36	cdh7a*B1_scr1-1	4.1563
517	37	cdh7a*B1_scr1-1	4.4981
518	38	cdh7a*B1_scr1-1	4.7597
519	39	cdh7a*B1_scr1-1	4.9694
520	40	cdh7a*B1_scr1-1	5.1306
521	1	cdh7a*B2_scr1-1	1.7021
522	2	cdh7a*B2_scr1-1	1.7015
523	3	cdh7a*B2_scr1-1	1.6973
524	4	cdh7a*B2_scr1-1	1.6926
525	5	cdh7a*B2_scr1-1	1.6903
526	6	cdh7a*B2_scr1-1	1.6889
527	7	cdh7a*B2_scr1-1	1.6883
528	8	cdh7a*B2_scr1-1	1.6876
529	9	cdh7a*B2_scr1-1	1.6875
530	10	cdh7a*B2_scr1-1	1.687
531	11	cdh7a*B2_scr1-1	1.6862
532	12	cdh7a*B2_scr1-1	1.6867
533	13	cdh7a*B2_scr1-1	1.7147
534	14	cdh7a*B2_scr1-1	1.7137
535	15	cdh7a*B2_scr1-1	1.7126
536	16	cdh7a*B2_scr1-1	1.7113
537	17	cdh7a*B2_scr1-1	1.7118
538	18	cdh7a*B2_scr1-1	1.7108
539	19	cdh7a*B2_scr1-1	1.7107
540	20	cdh7a*B2_scr1-1	1.7117
541	21	cdh7a*B2_scr1-1	1.7104
542	22	cdh7a*B2_scr1-1	1.7107
543	23	cdh7a*B2_scr1-1	1.7127
544	24	cdh7a*B2_scr1-1	1.7135
545	25	cdh7a*B2_scr1-1	1.7163
546	26	cdh7a*B2_scr1-1	1.7222
547	27	cdh7a*B2_scr1-1	1.7324
548	28	cdh7a*B2_scr1-1	1.7563
549	29	cdh7a*B2_scr1-1	1.8032
550	30	cdh7a*B2_scr1-1	1.8906
551	31	cdh7a*B2_scr1-1	2.0605
552	32	cdh7a*B2_scr1-1	2.3404
553	33	cdh7a*B2_scr1-1	2.7178
554	34	cdh7a*B2_scr1-1	3.1233
555	35	cdh7a*B2_scr1-1	3.536
556	36	cdh7a*B2_scr1-1	3.8968
557	37	cdh7a*B2_scr1-1	4.206
558	38	cdh7a*B2_scr1-1	4.4605
559	39	cdh7a*B2_scr1-1	4.6515
560	40	cdh7a*B2_scr1-1	4.7962
561	1	cdh7a*B3_scr1-1	1.7301
562	2	cdh7a*B3_scr1-1	1.7266
563	3	cdh7a*B3_scr1-1	1.7209
564	4	cdh7a*B3_scr1-1	1.7181
565	5	cdh7a*B3_scr1-1	1.8123
566	6	cdh7a*B3_scr1-1	1.8092
567	7	cdh7a*B3_scr1-1	1.8058
568	8	cdh7a*B3_scr1-1	1.8055
569	9	cdh7a*B3_scr1-1	1.804
570	10	cdh7a*B3_scr1-1	1.8023
571	11	cdh7a*B3_scr1-1	1.8008
572	12	cdh7a*B3_scr1-1	1.801
573	13	cdh7a*B3_scr1-1	1.8011
574	14	cdh7a*B3_scr1-1	1.8003
575	15	cdh7a*B3_scr1-1	1.8002
576	16	cdh7a*B3_scr1-1	1.7985
577	17	cdh7a*B3_scr1-1	1.799
578	18	cdh7a*B3_scr1-1	1.8006
579	19	cdh7a*B3_scr1-1	1.7996
580	20	cdh7a*B3_scr1-1	1.8003
581	21	cdh7a*B3_scr1-1	1.8027
582	22	cdh7a*B3_scr1-1	1.8
583	23	cdh7a*B3_scr1-1	1.8017
584	24	cdh7a*B3_scr1-1	1.8027
585	25	cdh7a*B3_scr1-1	1.8089
586	26	cdh7a*B3_scr1-1	1.8146
587	27	cdh7a*B3_scr1-1	1.8285
588	28	cdh7a*B3_scr1-1	1.8583
589	29	cdh7a*B3_scr1-1	1.9129
590	30	cdh7a*B3_scr1-1	2.0228
591	31	cdh7a*B3_scr1-1	2.2308
592	32	cdh7a*B3_scr1-1	2.5556
593	33	cdh7a*B3_scr1-1	2.9825
594	34	cdh7a*B3_scr1-1	3.4318
595	35	cdh7a*B3_scr1-1	3.8769
596	36	cdh7a*B3_scr1-1	4.2655
597	37	cdh7a*B3_scr1-1	4.5843
598	38	cdh7a*B3_scr1-1	4.8418
599	39	cdh7a*B3_scr1-1	5.0276
600	40	cdh7a*B3_scr1-1	5.1548
601	1	cdh7a*B4_scr1-2	1.745
602	2	cdh7a*B4_scr1-2	1.8207
603	3	cdh7a*B4_scr1-2	1.8106
604	4	cdh7a*B4_scr1-2	1.8073
605	5	cdh7a*B4_scr1-2	1.8028
606	6	cdh7a*B4_scr1-2	1.7971
607	7	cdh7a*B4_scr1-2	1.7947
608	8	cdh7a*B4_scr1-2	1.7935
609	9	cdh7a*B4_scr1-2	1.7919
610	10	cdh7a*B4_scr1-2	1.7914
611	11	cdh7a*B4_scr1-2	1.7909
612	12	cdh7a*B4_scr1-2	1.7898
613	13	cdh7a*B4_scr1-2	1.79
614	14	cdh7a*B4_scr1-2	1.7901
615	15	cdh7a*B4_scr1-2	1.7886
616	16	cdh7a*B4_scr1-2	1.7904
617	17	cdh7a*B4_scr1-2	1.7875
618	18	cdh7a*B4_scr1-2	1.789
619	19	cdh7a*B4_scr1-2	1.7887
620	20	cdh7a*B4_scr1-2	1.786
621	21	cdh7a*B4_scr1-2	1.7878
622	22	cdh7a*B4_scr1-2	1.7891
623	23	cdh7a*B4_scr1-2	1.791
624	24	cdh7a*B4_scr1-2	1.7944
625	25	cdh7a*B4_scr1-2	1.7953
626	26	cdh7a*B4_scr1-2	1.8083
627	27	cdh7a*B4_scr1-2	1.813
628	28	cdh7a*B4_scr1-2	1.8401
629	29	cdh7a*B4_scr1-2	1.8927
630	30	cdh7a*B4_scr1-2	1.9963
631	31	cdh7a*B4_scr1-2	2.1939
632	32	cdh7a*B4_scr1-2	2.5091
633	33	cdh7a*B4_scr1-2	2.9227
634	34	cdh7a*B4_scr1-2	3.3666
635	35	cdh7a*B4_scr1-2	3.8069
636	36	cdh7a*B4_scr1-2	4.2191
637	37	cdh7a*B4_scr1-2	4.5232
638	38	cdh7a*B4_scr1-2	4.7769
639	39	cdh7a*B4_scr1-2	5.0105
640	40	cdh7a*B4_scr1-2	5.1328
641	1	cdh7a*B5_scr1-2	1.7976
642	2	cdh7a*B5_scr1-2	1.797
643	3	cdh7a*B5_scr1-2	1.7924
644	4	cdh7a*B5_scr1-2	1.7873
645	5	cdh7a*B5_scr1-2	1.7818
646	6	cdh7a*B5_scr1-2	1.7798
647	7	cdh7a*B5_scr1-2	1.7752
648	8	cdh7a*B5_scr1-2	1.7741
649	9	cdh7a*B5_scr1-2	1.7719
650	10	cdh7a*B5_scr1-2	1.7715
651	11	cdh7a*B5_scr1-2	1.7658
652	12	cdh7a*B5_scr1-2	1.7671
653	13	cdh7a*B5_scr1-2	1.7709
654	14	cdh7a*B5_scr1-2	1.7694
655	15	cdh7a*B5_scr1-2	1.774
656	16	cdh7a*B5_scr1-2	1.7693
657	17	cdh7a*B5_scr1-2	1.7694
658	18	cdh7a*B5_scr1-2	1.7703
659	19	cdh7a*B5_scr1-2	1.7662
660	20	cdh7a*B5_scr1-2	1.7685
661	21	cdh7a*B5_scr1-2	1.7689
662	22	cdh7a*B5_scr1-2	1.7689
663	23	cdh7a*B5_scr1-2	1.7689
664	24	cdh7a*B5_scr1-2	1.7691
665	25	cdh7a*B5_scr1-2	1.7773
666	26	cdh7a*B5_scr1-2	1.7796
667	27	cdh7a*B5_scr1-2	1.7943
668	28	cdh7a*B5_scr1-2	1.8259
669	29	cdh7a*B5_scr1-2	1.8743
670	30	cdh7a*B5_scr1-2	1.9804
671	31	cdh7a*B5_scr1-2	2.181
672	32	cdh7a*B5_scr1-2	2.4892
673	33	cdh7a*B5_scr1-2	2.9014
674	34	cdh7a*B5_scr1-2	3.331
675	35	cdh7a*B5_scr1-2	3.7453
676	36	cdh7a*B5_scr1-2	4.1112
677	37	cdh7a*B5_scr1-2	4.438
678	38	cdh7a*B5_scr1-2	4.6889
679	39	cdh7a*B5_scr1-2	4.8648
680	40	cdh7a*B5_scr1-2	4.9947
681	1	cdh7a*B6_scr1-2	1.8324
682	2	cdh7a*B6_scr1-2	1.8008
683	3	cdh7a*B6_scr1-2	1.8001
684	4	cdh7a*B6_scr1-2	1.7931
685	5	cdh7a*B6_scr1-2	1.7872
686	6	cdh7a*B6_scr1-2	1.7824
687	7	cdh7a*B6_scr1-2	1.7785
688	8	cdh7a*B6_scr1-2	1.7796
689	9	cdh7a*B6_scr1-2	1.7747
690	10	cdh7a*B6_scr1-2	1.7764
691	11	cdh7a*B6_scr1-2	1.7746
692	12	cdh7a*B6_scr1-2	1.7749
693	13	cdh7a*B6_scr1-2	1.7735
694	14	cdh7a*B6_scr1-2	1.7743
695	15	cdh7a*B6_scr1-2	1.7744
696	16	cdh7a*B6_scr1-2	1.7708
697	17	cdh7a*B6_scr1-2	1.771
698	18	cdh7a*B6_scr1-2	1.7728
699	19	cdh7a*B6_scr1-2	1.7739
700	20	cdh7a*B6_scr1-2	1.7743
701	21	cdh7a*B6_scr1-2	1.7721
702	22	cdh7a*B6_scr1-2	1.7737
703	23	cdh7a*B6_scr1-2	1.7745
704	24	cdh7a*B6_scr1-2	1.7783
705	25	cdh7a*B6_scr1-2	1.7796
706	26	cdh7a*B6_scr1-2	1.7861
707	27	cdh7a*B6_scr1-2	1.7993
708	28	cdh7a*B6_scr1-2	1.8289
709	29	cdh7a*B6_scr1-2	1.8803
710	30	cdh7a*B6_scr1-2	1.9869
711	31	cdh7a*B6_scr1-2	2.1845
712	32	cdh7a*B6_scr1-2	2.5082
713	33	cdh7a*B6_scr1-2	2.9352
714	34	cdh7a*B6_scr1-2	3.3874
715	35	cdh7a*B6_scr1-2	3.8362
716	36	cdh7a*B6_scr1-2	4.2103
717	37	cdh7a*B6_scr1-2	4.5368
718	38	cdh7a*B6_scr1-2	4.7933
719	39	cdh7a*B6_scr1-2	4.9923
720	40	cdh7a*B6_scr1-2	5.1314
961	1	gapdh*C1_cdh1-1	1.139
962	2	gapdh*C1_cdh1-1	1.1401
963	3	gapdh*C1_cdh1-1	1.2001
964	4	gapdh*C1_cdh1-1	1.1969
965	5	gapdh*C1_cdh1-1	1.1951
966	6	gapdh*C1_cdh1-1	1.1921
967	7	gapdh*C1_cdh1-1	1.1912
968	8	gapdh*C1_cdh1-1	1.1902
969	9	gapdh*C1_cdh1-1	1.1893
970	10	gapdh*C1_cdh1-1	1.1885
971	11	gapdh*C1_cdh1-1	1.188
972	12	gapdh*C1_cdh1-1	1.1881
973	13	gapdh*C1_cdh1-1	1.1851
974	14	gapdh*C1_cdh1-1	1.1872
975	15	gapdh*C1_cdh1-1	1.1865
976	16	gapdh*C1_cdh1-1	1.1859
977	17	gapdh*C1_cdh1-1	1.1848
978	18	gapdh*C1_cdh1-1	1.1859
979	19	gapdh*C1_cdh1-1	1.1849
980	20	gapdh*C1_cdh1-1	1.1864
981	21	gapdh*C1_cdh1-1	1.1849
982	22	gapdh*C1_cdh1-1	1.1864
983	23	gapdh*C1_cdh1-1	1.1853
984	24	gapdh*C1_cdh1-1	1.1844
985	25	gapdh*C1_cdh1-1	1.1854
986	26	gapdh*C1_cdh1-1	1.1855
987	27	gapdh*C1_cdh1-1	1.1863
988	28	gapdh*C1_cdh1-1	1.1881
989	29	gapdh*C1_cdh1-1	1.1901
990	30	gapdh*C1_cdh1-1	1.1959
991	31	gapdh*C1_cdh1-1	1.2029
992	32	gapdh*C1_cdh1-1	1.2206
993	33	gapdh*C1_cdh1-1	1.2521
994	34	gapdh*C1_cdh1-1	1.3122
995	35	gapdh*C1_cdh1-1	1.4286
996	36	gapdh*C1_cdh1-1	1.6115
997	37	gapdh*C1_cdh1-1	1.8763
998	38	gapdh*C1_cdh1-1	2.1992
999	39	gapdh*C1_cdh1-1	2.531
1000	40	gapdh*C1_cdh1-1	2.8526
1001	1	gapdh*C2_cdh1-1	1.1934
1002	2	gapdh*C2_cdh1-1	1.2215
1003	3	gapdh*C2_cdh1-1	1.2168
1004	4	gapdh*C2_cdh1-1	1.2129
1005	5	gapdh*C2_cdh1-1	1.2086
1006	6	gapdh*C2_cdh1-1	1.207
1007	7	gapdh*C2_cdh1-1	1.205
1008	8	gapdh*C2_cdh1-1	1.2037
1009	9	gapdh*C2_cdh1-1	1.2019
1010	10	gapdh*C2_cdh1-1	1.2014
1011	11	gapdh*C2_cdh1-1	1.2008
1012	12	gapdh*C2_cdh1-1	1.2004
1013	13	gapdh*C2_cdh1-1	1.2015
1014	14	gapdh*C2_cdh1-1	1.2005
1015	15	gapdh*C2_cdh1-1	1.2003
1016	16	gapdh*C2_cdh1-1	1.1992
1017	17	gapdh*C2_cdh1-1	1.2
1018	18	gapdh*C2_cdh1-1	1.2001
1019	19	gapdh*C2_cdh1-1	1.2009
1020	20	gapdh*C2_cdh1-1	1.2008
1021	21	gapdh*C2_cdh1-1	1.2007
1022	22	gapdh*C2_cdh1-1	1.2012
1023	23	gapdh*C2_cdh1-1	1.2026
1024	24	gapdh*C2_cdh1-1	1.2024
1025	25	gapdh*C2_cdh1-1	1.2028
1026	26	gapdh*C2_cdh1-1	1.2033
1027	27	gapdh*C2_cdh1-1	1.2045
1028	28	gapdh*C2_cdh1-1	1.2055
1029	29	gapdh*C2_cdh1-1	1.2071
1030	30	gapdh*C2_cdh1-1	1.2117
1031	31	gapdh*C2_cdh1-1	1.2196
1032	32	gapdh*C2_cdh1-1	1.2343
1033	33	gapdh*C2_cdh1-1	1.2622
1034	34	gapdh*C2_cdh1-1	1.3167
1035	35	gapdh*C2_cdh1-1	1.4227
1036	36	gapdh*C2_cdh1-1	1.6078
1037	37	gapdh*C2_cdh1-1	1.8789
1038	38	gapdh*C2_cdh1-1	2.2157
1039	39	gapdh*C2_cdh1-1	2.5787
1040	40	gapdh*C2_cdh1-1	2.9215
1041	1	gapdh*C3_cdh1-1	1.1871
1042	2	gapdh*C3_cdh1-1	1.1681
1043	3	gapdh*C3_cdh1-1	1.1649
1044	4	gapdh*C3_cdh1-1	1.1618
1045	5	gapdh*C3_cdh1-1	1.1587
1046	6	gapdh*C3_cdh1-1	1.1564
1047	7	gapdh*C3_cdh1-1	1.1561
1048	8	gapdh*C3_cdh1-1	1.1557
1049	9	gapdh*C3_cdh1-1	1.1562
1050	10	gapdh*C3_cdh1-1	1.1542
1051	11	gapdh*C3_cdh1-1	1.155
1052	12	gapdh*C3_cdh1-1	1.1539
1053	13	gapdh*C3_cdh1-1	1.1517
1054	14	gapdh*C3_cdh1-1	1.1528
1055	15	gapdh*C3_cdh1-1	1.1522
1056	16	gapdh*C3_cdh1-1	1.1527
1057	17	gapdh*C3_cdh1-1	1.1527
1058	18	gapdh*C3_cdh1-1	1.1552
1059	19	gapdh*C3_cdh1-1	1.1537
1060	20	gapdh*C3_cdh1-1	1.1552
1061	21	gapdh*C3_cdh1-1	1.1568
1062	22	gapdh*C3_cdh1-1	1.1573
1063	23	gapdh*C3_cdh1-1	1.1545
1064	24	gapdh*C3_cdh1-1	1.1554
1065	25	gapdh*C3_cdh1-1	1.158
1066	26	gapdh*C3_cdh1-1	1.1583
1067	27	gapdh*C3_cdh1-1	1.1594
1068	28	gapdh*C3_cdh1-1	1.1618
1069	29	gapdh*C3_cdh1-1	1.1648
1070	30	gapdh*C3_cdh1-1	1.1665
1071	31	gapdh*C3_cdh1-1	1.1733
1072	32	gapdh*C3_cdh1-1	1.1831
1073	33	gapdh*C3_cdh1-1	1.209
1074	34	gapdh*C3_cdh1-1	1.2525
1075	35	gapdh*C3_cdh1-1	1.343
1076	36	gapdh*C3_cdh1-1	1.5045
1077	37	gapdh*C3_cdh1-1	1.7477
1078	38	gapdh*C3_cdh1-1	2.0749
1079	39	gapdh*C3_cdh1-1	2.4412
1080	40	gapdh*C3_cdh1-1	2.8047
1081	1	gapdh*C4_cdh1-2	1.1874
1082	2	gapdh*C4_cdh1-2	1.1828
1083	3	gapdh*C4_cdh1-2	1.1801
1084	4	gapdh*C4_cdh1-2	1.1752
1085	5	gapdh*C4_cdh1-2	1.1729
1086	6	gapdh*C4_cdh1-2	1.172
1087	7	gapdh*C4_cdh1-2	1.1696
1088	8	gapdh*C4_cdh1-2	1.1682
1089	9	gapdh*C4_cdh1-2	1.1679
1090	10	gapdh*C4_cdh1-2	1.1659
1091	11	gapdh*C4_cdh1-2	1.1651
1092	12	gapdh*C4_cdh1-2	1.1642
1093	13	gapdh*C4_cdh1-2	1.1644
1094	14	gapdh*C4_cdh1-2	1.1654
1095	15	gapdh*C4_cdh1-2	1.1679
1096	16	gapdh*C4_cdh1-2	1.1646
1097	17	gapdh*C4_cdh1-2	1.1661
1098	18	gapdh*C4_cdh1-2	1.1658
1099	19	gapdh*C4_cdh1-2	1.1653
1100	20	gapdh*C4_cdh1-2	1.1676
1101	21	gapdh*C4_cdh1-2	1.167
1102	22	gapdh*C4_cdh1-2	1.1687
1103	23	gapdh*C4_cdh1-2	1.1676
1104	24	gapdh*C4_cdh1-2	1.1682
1105	25	gapdh*C4_cdh1-2	1.1681
1106	26	gapdh*C4_cdh1-2	1.1649
1107	27	gapdh*C4_cdh1-2	1.1714
1108	28	gapdh*C4_cdh1-2	1.1723
1109	29	gapdh*C4_cdh1-2	1.1747
1110	30	gapdh*C4_cdh1-2	1.1793
1111	31	gapdh*C4_cdh1-2	1.1872
1112	32	gapdh*C4_cdh1-2	1.2041
1113	33	gapdh*C4_cdh1-2	1.238
1114	34	gapdh*C4_cdh1-2	1.3004
1115	35	gapdh*C4_cdh1-2	1.4181
1116	36	gapdh*C4_cdh1-2	1.603
1117	37	gapdh*C4_cdh1-2	1.8807
1118	38	gapdh*C4_cdh1-2	2.2123
1119	39	gapdh*C4_cdh1-2	2.5465
1120	40	gapdh*C4_cdh1-2	2.889
1121	1	gapdh*C5_cdh1-2	1.2113
1122	2	gapdh*C5_cdh1-2	1.2046
1123	3	gapdh*C5_cdh1-2	1.2022
1124	4	gapdh*C5_cdh1-2	1.1968
1125	5	gapdh*C5_cdh1-2	1.1959
1126	6	gapdh*C5_cdh1-2	1.1907
1127	7	gapdh*C5_cdh1-2	1.1877
1128	8	gapdh*C5_cdh1-2	1.1872
1129	9	gapdh*C5_cdh1-2	1.1865
1130	10	gapdh*C5_cdh1-2	1.1864
1131	11	gapdh*C5_cdh1-2	1.1871
1132	12	gapdh*C5_cdh1-2	1.1851
1133	13	gapdh*C5_cdh1-2	1.1838
1134	14	gapdh*C5_cdh1-2	1.184
1135	15	gapdh*C5_cdh1-2	1.1812
1136	16	gapdh*C5_cdh1-2	1.1823
1137	17	gapdh*C5_cdh1-2	1.1819
1138	18	gapdh*C5_cdh1-2	1.1815
1139	19	gapdh*C5_cdh1-2	1.1851
1140	20	gapdh*C5_cdh1-2	1.1843
1141	21	gapdh*C5_cdh1-2	1.185
1142	22	gapdh*C5_cdh1-2	1.1846
1143	23	gapdh*C5_cdh1-2	1.1859
1144	24	gapdh*C5_cdh1-2	1.1873
1145	25	gapdh*C5_cdh1-2	1.1852
1146	26	gapdh*C5_cdh1-2	1.1866
1147	27	gapdh*C5_cdh1-2	1.1893
1148	28	gapdh*C5_cdh1-2	1.1863
1149	29	gapdh*C5_cdh1-2	1.1908
1150	30	gapdh*C5_cdh1-2	1.1938
1151	31	gapdh*C5_cdh1-2	1.1957
1152	32	gapdh*C5_cdh1-2	1.2092
1153	33	gapdh*C5_cdh1-2	1.2265
1154	34	gapdh*C5_cdh1-2	1.2683
1155	35	gapdh*C5_cdh1-2	1.3441
1156	36	gapdh*C5_cdh1-2	1.4838
1157	37	gapdh*C5_cdh1-2	1.702
1158	38	gapdh*C5_cdh1-2	2.0061
1159	39	gapdh*C5_cdh1-2	2.3502
1160	40	gapdh*C5_cdh1-2	2.6871
1161	1	gapdh*C6_cdh1-2	1.1852
1162	2	gapdh*C6_cdh1-2	1.1945
1163	3	gapdh*C6_cdh1-2	1.1905
1164	4	gapdh*C6_cdh1-2	1.1866
1165	5	gapdh*C6_cdh1-2	1.1841
1166	6	gapdh*C6_cdh1-2	1.181
1167	7	gapdh*C6_cdh1-2	1.1794
1168	8	gapdh*C6_cdh1-2	1.1778
1169	9	gapdh*C6_cdh1-2	1.1776
1170	10	gapdh*C6_cdh1-2	1.1769
1171	11	gapdh*C6_cdh1-2	1.177
1172	12	gapdh*C6_cdh1-2	1.1765
1173	13	gapdh*C6_cdh1-2	1.1769
1174	14	gapdh*C6_cdh1-2	1.1764
1175	15	gapdh*C6_cdh1-2	1.1775
1176	16	gapdh*C6_cdh1-2	1.1764
1177	17	gapdh*C6_cdh1-2	1.1765
1178	18	gapdh*C6_cdh1-2	1.176
1179	19	gapdh*C6_cdh1-2	1.1774
1180	20	gapdh*C6_cdh1-2	1.1764
1181	21	gapdh*C6_cdh1-2	1.1783
1182	22	gapdh*C6_cdh1-2	1.1764
1183	23	gapdh*C6_cdh1-2	1.1771
1184	24	gapdh*C6_cdh1-2	1.1787
1185	25	gapdh*C6_cdh1-2	1.1782
1186	26	gapdh*C6_cdh1-2	1.1773
1187	27	gapdh*C6_cdh1-2	1.1808
1188	28	gapdh*C6_cdh1-2	1.1824
1189	29	gapdh*C6_cdh1-2	1.1828
1190	30	gapdh*C6_cdh1-2	1.1867
1191	31	gapdh*C6_cdh1-2	1.1949
1192	32	gapdh*C6_cdh1-2	1.2104
1193	33	gapdh*C6_cdh1-2	1.235
1194	34	gapdh*C6_cdh1-2	1.2882
1195	35	gapdh*C6_cdh1-2	1.3921
1196	36	gapdh*C6_cdh1-2	1.5736
1197	37	gapdh*C6_cdh1-2	1.8581
1198	38	gapdh*C6_cdh1-2	2.2176
1199	39	gapdh*C6_cdh1-2	2.5954
1200	40	gapdh*C6_cdh1-2	2.9454
1201	1	gapdh*C7_cdh2-1	1.2518
1202	2	gapdh*C7_cdh2-1	1.2362
1203	3	gapdh*C7_cdh2-1	1.2349
1204	4	gapdh*C7_cdh2-1	1.2285
1205	5	gapdh*C7_cdh2-1	1.2291
1206	6	gapdh*C7_cdh2-1	1.223
1207	7	gapdh*C7_cdh2-1	1.2217
1208	8	gapdh*C7_cdh2-1	1.2189
1209	9	gapdh*C7_cdh2-1	1.2178
1210	10	gapdh*C7_cdh2-1	1.2174
1211	11	gapdh*C7_cdh2-1	1.218
1212	12	gapdh*C7_cdh2-1	1.2188
1213	13	gapdh*C7_cdh2-1	1.2213
1214	14	gapdh*C7_cdh2-1	1.2185
1215	15	gapdh*C7_cdh2-1	1.2158
1216	16	gapdh*C7_cdh2-1	1.2172
1217	17	gapdh*C7_cdh2-1	1.2187
1218	18	gapdh*C7_cdh2-1	1.218
1219	19	gapdh*C7_cdh2-1	1.2195
1220	20	gapdh*C7_cdh2-1	1.2197
1221	21	gapdh*C7_cdh2-1	1.221
1222	22	gapdh*C7_cdh2-1	1.2208
1223	23	gapdh*C7_cdh2-1	1.2202
1224	24	gapdh*C7_cdh2-1	1.2205
1225	25	gapdh*C7_cdh2-1	1.2168
1226	26	gapdh*C7_cdh2-1	1.221
1227	27	gapdh*C7_cdh2-1	1.2219
1228	28	gapdh*C7_cdh2-1	1.2224
1229	29	gapdh*C7_cdh2-1	1.2234
1230	30	gapdh*C7_cdh2-1	1.2262
1231	31	gapdh*C7_cdh2-1	1.2346
1232	32	gapdh*C7_cdh2-1	1.2401
1233	33	gapdh*C7_cdh2-1	1.2645
1234	34	gapdh*C7_cdh2-1	1.301
1235	35	gapdh*C7_cdh2-1	1.3754
1236	36	gapdh*C7_cdh2-1	1.5196
1237	37	gapdh*C7_cdh2-1	1.7526
1238	38	gapdh*C7_cdh2-1	2.0657
1239	39	gapdh*C7_cdh2-1	2.4312
1240	40	gapdh*C7_cdh2-1	2.804
1241	1	gapdh*C8_cdh2-1	1.1855
1242	2	gapdh*C8_cdh2-1	1.1808
1243	3	gapdh*C8_cdh2-1	1.1773
1244	4	gapdh*C8_cdh2-1	1.1731
1245	5	gapdh*C8_cdh2-1	1.17
1246	6	gapdh*C8_cdh2-1	1.1669
1247	7	gapdh*C8_cdh2-1	1.166
1248	8	gapdh*C8_cdh2-1	1.1644
1249	9	gapdh*C8_cdh2-1	1.1634
1250	10	gapdh*C8_cdh2-1	1.1636
1251	11	gapdh*C8_cdh2-1	1.1624
1252	12	gapdh*C8_cdh2-1	1.1629
1253	13	gapdh*C8_cdh2-1	1.1609
1254	14	gapdh*C8_cdh2-1	1.1607
1255	15	gapdh*C8_cdh2-1	1.1613
1256	16	gapdh*C8_cdh2-1	1.1609
1257	17	gapdh*C8_cdh2-1	1.1617
1258	18	gapdh*C8_cdh2-1	1.1606
1259	19	gapdh*C8_cdh2-1	1.1614
1260	20	gapdh*C8_cdh2-1	1.1616
1261	21	gapdh*C8_cdh2-1	1.1611
1262	22	gapdh*C8_cdh2-1	1.1619
1263	23	gapdh*C8_cdh2-1	1.1633
1264	24	gapdh*C8_cdh2-1	1.1623
1265	25	gapdh*C8_cdh2-1	1.1638
1266	26	gapdh*C8_cdh2-1	1.1635
1267	27	gapdh*C8_cdh2-1	1.1651
1268	28	gapdh*C8_cdh2-1	1.1659
1269	29	gapdh*C8_cdh2-1	1.1673
1270	30	gapdh*C8_cdh2-1	1.1718
1271	31	gapdh*C8_cdh2-1	1.1784
1272	32	gapdh*C8_cdh2-1	1.1946
1273	33	gapdh*C8_cdh2-1	1.221
1274	34	gapdh*C8_cdh2-1	1.2754
1275	35	gapdh*C8_cdh2-1	1.3828
1276	36	gapdh*C8_cdh2-1	1.568
1277	37	gapdh*C8_cdh2-1	1.837
1278	38	gapdh*C8_cdh2-1	2.1615
1279	39	gapdh*C8_cdh2-1	2.4942
1280	40	gapdh*C8_cdh2-1	2.8059
1281	1	gapdh*C9_cdh2-1	1.2298
1282	2	gapdh*C9_cdh2-1	1.2165
1283	3	gapdh*C9_cdh2-1	1.2058
1284	4	gapdh*C9_cdh2-1	1.1928
1285	5	gapdh*C9_cdh2-1	1.1832
1286	6	gapdh*C9_cdh2-1	1.1735
1287	7	gapdh*C9_cdh2-1	1.1311
1288	8	gapdh*C9_cdh2-1	1.1315
1289	9	gapdh*C9_cdh2-1	1.1334
1290	10	gapdh*C9_cdh2-1	1.1316
1291	11	gapdh*C9_cdh2-1	1.1293
1292	12	gapdh*C9_cdh2-1	1.1269
1293	13	gapdh*C9_cdh2-1	1.1277
1294	14	gapdh*C9_cdh2-1	1.1262
1295	15	gapdh*C9_cdh2-1	1.131
1296	16	gapdh*C9_cdh2-1	1.1271
1297	17	gapdh*C9_cdh2-1	1.1278
1298	18	gapdh*C9_cdh2-1	1.1252
1299	19	gapdh*C9_cdh2-1	1.1263
1300	20	gapdh*C9_cdh2-1	1.1303
1301	21	gapdh*C9_cdh2-1	1.128
1302	22	gapdh*C9_cdh2-1	1.1311
1303	23	gapdh*C9_cdh2-1	1.1299
1304	24	gapdh*C9_cdh2-1	1.1306
1305	25	gapdh*C9_cdh2-1	1.1289
1306	26	gapdh*C9_cdh2-1	1.1297
1307	27	gapdh*C9_cdh2-1	1.1288
1308	28	gapdh*C9_cdh2-1	1.1305
1309	29	gapdh*C9_cdh2-1	1.135
1310	30	gapdh*C9_cdh2-1	1.1349
1311	31	gapdh*C9_cdh2-1	1.1415
1312	32	gapdh*C9_cdh2-1	1.1537
1313	33	gapdh*C9_cdh2-1	1.172
1314	34	gapdh*C9_cdh2-1	1.2069
1315	35	gapdh*C9_cdh2-1	1.2842
1316	36	gapdh*C9_cdh2-1	1.4197
1317	37	gapdh*C9_cdh2-1	1.6459
1318	38	gapdh*C9_cdh2-1	1.961
1319	39	gapdh*C9_cdh2-1	2.3153
1320	40	gapdh*C9_cdh2-1	2.6751
1321	1	gapdh*C10_cdh2-2	1.237
1322	2	gapdh*C10_cdh2-2	1.2317
1323	3	gapdh*C10_cdh2-2	1.2263
1324	4	gapdh*C10_cdh2-2	1.2222
1325	5	gapdh*C10_cdh2-2	1.218
1326	6	gapdh*C10_cdh2-2	1.2135
1327	7	gapdh*C10_cdh2-2	1.2117
1328	8	gapdh*C10_cdh2-2	1.2104
1329	9	gapdh*C10_cdh2-2	1.2086
1330	10	gapdh*C10_cdh2-2	1.2092
1331	11	gapdh*C10_cdh2-2	1.2063
1332	12	gapdh*C10_cdh2-2	1.2062
1333	13	gapdh*C10_cdh2-2	1.206
1334	14	gapdh*C10_cdh2-2	1.2048
1335	15	gapdh*C10_cdh2-2	1.2045
1336	16	gapdh*C10_cdh2-2	1.2046
1337	17	gapdh*C10_cdh2-2	1.2037
1338	18	gapdh*C10_cdh2-2	1.2065
1339	19	gapdh*C10_cdh2-2	1.2046
1340	20	gapdh*C10_cdh2-2	1.2049
1341	21	gapdh*C10_cdh2-2	1.204
1342	22	gapdh*C10_cdh2-2	1.2041
1343	23	gapdh*C10_cdh2-2	1.2053
1344	24	gapdh*C10_cdh2-2	1.2061
1345	25	gapdh*C10_cdh2-2	1.2059
1346	26	gapdh*C10_cdh2-2	1.2052
1347	27	gapdh*C10_cdh2-2	1.207
1348	28	gapdh*C10_cdh2-2	1.2095
1349	29	gapdh*C10_cdh2-2	1.2101
1350	30	gapdh*C10_cdh2-2	1.2141
1351	31	gapdh*C10_cdh2-2	1.2211
1352	32	gapdh*C10_cdh2-2	1.2345
1353	33	gapdh*C10_cdh2-2	1.2628
1354	34	gapdh*C10_cdh2-2	1.3155
1355	35	gapdh*C10_cdh2-2	1.4178
1356	36	gapdh*C10_cdh2-2	1.5995
1357	37	gapdh*C10_cdh2-2	1.8751
1358	38	gapdh*C10_cdh2-2	2.2257
1359	39	gapdh*C10_cdh2-2	2.6095
1360	40	gapdh*C10_cdh2-2	2.979
1361	1	gapdh*C11_cdh2-2	1.221
1362	2	gapdh*C11_cdh2-2	1.2184
1363	3	gapdh*C11_cdh2-2	1.2114
1364	4	gapdh*C11_cdh2-2	1.2075
1365	5	gapdh*C11_cdh2-2	1.1997
1366	6	gapdh*C11_cdh2-2	1.2019
1367	7	gapdh*C11_cdh2-2	1.1981
1368	8	gapdh*C11_cdh2-2	1.1998
1369	9	gapdh*C11_cdh2-2	1.1976
1370	10	gapdh*C11_cdh2-2	1.1972
1371	11	gapdh*C11_cdh2-2	1.1989
1372	12	gapdh*C11_cdh2-2	1.1933
1373	13	gapdh*C11_cdh2-2	1.1952
1374	14	gapdh*C11_cdh2-2	1.1961
1375	15	gapdh*C11_cdh2-2	1.1963
1376	16	gapdh*C11_cdh2-2	1.1927
1377	17	gapdh*C11_cdh2-2	1.1962
1378	18	gapdh*C11_cdh2-2	1.1963
1379	19	gapdh*C11_cdh2-2	1.197
1380	20	gapdh*C11_cdh2-2	1.1955
1381	21	gapdh*C11_cdh2-2	1.1921
1382	22	gapdh*C11_cdh2-2	1.1981
1383	23	gapdh*C11_cdh2-2	1.1938
1384	24	gapdh*C11_cdh2-2	1.195
1385	25	gapdh*C11_cdh2-2	1.1931
1386	26	gapdh*C11_cdh2-2	1.1966
1387	27	gapdh*C11_cdh2-2	1.1992
1388	28	gapdh*C11_cdh2-2	1.2014
1389	29	gapdh*C11_cdh2-2	1.2035
1390	30	gapdh*C11_cdh2-2	1.2035
1391	31	gapdh*C11_cdh2-2	1.2095
1392	32	gapdh*C11_cdh2-2	1.2234
1393	33	gapdh*C11_cdh2-2	1.2531
1394	34	gapdh*C11_cdh2-2	1.3049
1395	35	gapdh*C11_cdh2-2	1.4001
1396	36	gapdh*C11_cdh2-2	1.5701
1397	37	gapdh*C11_cdh2-2	1.8201
1398	38	gapdh*C11_cdh2-2	2.1363
1399	39	gapdh*C11_cdh2-2	2.4978
1400	40	gapdh*C11_cdh2-2	2.8389
1401	1	gapdh*C12_cdh2-2	1.1908
1402	2	gapdh*C12_cdh2-2	1.188
1403	3	gapdh*C12_cdh2-2	1.1802
1404	4	gapdh*C12_cdh2-2	1.1966
1405	5	gapdh*C12_cdh2-2	1.1925
1406	6	gapdh*C12_cdh2-2	1.1897
1407	7	gapdh*C12_cdh2-2	1.188
1408	8	gapdh*C12_cdh2-2	1.1862
1409	9	gapdh*C12_cdh2-2	1.1857
1410	10	gapdh*C12_cdh2-2	1.1825
1411	11	gapdh*C12_cdh2-2	1.183
1412	12	gapdh*C12_cdh2-2	1.182
1413	13	gapdh*C12_cdh2-2	1.1793
1414	14	gapdh*C12_cdh2-2	1.1808
1415	15	gapdh*C12_cdh2-2	1.1801
1416	16	gapdh*C12_cdh2-2	1.1801
1417	17	gapdh*C12_cdh2-2	1.1782
1418	18	gapdh*C12_cdh2-2	1.18
1419	19	gapdh*C12_cdh2-2	1.1797
1420	20	gapdh*C12_cdh2-2	1.1799
1421	21	gapdh*C12_cdh2-2	1.1796
1422	22	gapdh*C12_cdh2-2	1.1795
1423	23	gapdh*C12_cdh2-2	1.1797
1424	24	gapdh*C12_cdh2-2	1.1793
1425	25	gapdh*C12_cdh2-2	1.179
1426	26	gapdh*C12_cdh2-2	1.181
1427	27	gapdh*C12_cdh2-2	1.1822
1428	28	gapdh*C12_cdh2-2	1.1854
1429	29	gapdh*C12_cdh2-2	1.188
1430	30	gapdh*C12_cdh2-2	1.1897
1431	31	gapdh*C12_cdh2-2	1.1995
1432	32	gapdh*C12_cdh2-2	1.2176
1433	33	gapdh*C12_cdh2-2	1.2549
1434	34	gapdh*C12_cdh2-2	1.3239
1435	35	gapdh*C12_cdh2-2	1.4539
1436	36	gapdh*C12_cdh2-2	1.6742
1437	37	gapdh*C12_cdh2-2	1.9922
1438	38	gapdh*C12_cdh2-2	2.3845
1439	39	gapdh*C12_cdh2-2	2.8102
1440	40	gapdh*C12_cdh2-2	3.2284
1441	1	gapdh*D1_scr1-1	1.1362
1442	2	gapdh*D1_scr1-1	1.1826
1443	3	gapdh*D1_scr1-1	1.179
1444	4	gapdh*D1_scr1-1	1.1767
1445	5	gapdh*D1_scr1-1	1.1731
1446	6	gapdh*D1_scr1-1	1.1708
1447	7	gapdh*D1_scr1-1	1.1684
1448	8	gapdh*D1_scr1-1	1.1692
1449	9	gapdh*D1_scr1-1	1.1675
1450	10	gapdh*D1_scr1-1	1.167
1451	11	gapdh*D1_scr1-1	1.1665
1452	12	gapdh*D1_scr1-1	1.1661
1453	13	gapdh*D1_scr1-1	1.1664
1454	14	gapdh*D1_scr1-1	1.1673
1455	15	gapdh*D1_scr1-1	1.1672
1456	16	gapdh*D1_scr1-1	1.1665
1457	17	gapdh*D1_scr1-1	1.1674
1458	18	gapdh*D1_scr1-1	1.1669
1459	19	gapdh*D1_scr1-1	1.167
1460	20	gapdh*D1_scr1-1	1.1675
1461	21	gapdh*D1_scr1-1	1.1678
1462	22	gapdh*D1_scr1-1	1.1685
1463	23	gapdh*D1_scr1-1	1.1694
1464	24	gapdh*D1_scr1-1	1.1694
1465	25	gapdh*D1_scr1-1	1.1706
1466	26	gapdh*D1_scr1-1	1.1727
1467	27	gapdh*D1_scr1-1	1.176
1468	28	gapdh*D1_scr1-1	1.1828
1469	29	gapdh*D1_scr1-1	1.1949
1470	30	gapdh*D1_scr1-1	1.2196
1471	31	gapdh*D1_scr1-1	1.2646
1472	32	gapdh*D1_scr1-1	1.353
1473	33	gapdh*D1_scr1-1	1.5071
1474	34	gapdh*D1_scr1-1	1.7421
1475	35	gapdh*D1_scr1-1	2.0526
1476	36	gapdh*D1_scr1-1	2.3876
1477	37	gapdh*D1_scr1-1	2.7356
1478	38	gapdh*D1_scr1-1	3.0732
1479	39	gapdh*D1_scr1-1	3.3748
1480	40	gapdh*D1_scr1-1	3.6469
1481	1	gapdh*D2_scr1-1	1.2099
1482	2	gapdh*D2_scr1-1	1.2065
1483	3	gapdh*D2_scr1-1	1.2019
1484	4	gapdh*D2_scr1-1	1.1977
1485	5	gapdh*D2_scr1-1	1.1943
1486	6	gapdh*D2_scr1-1	1.1909
1487	7	gapdh*D2_scr1-1	1.1892
1488	8	gapdh*D2_scr1-1	1.1892
1489	9	gapdh*D2_scr1-1	1.1872
1490	10	gapdh*D2_scr1-1	1.1861
1491	11	gapdh*D2_scr1-1	1.1859
1492	12	gapdh*D2_scr1-1	1.1857
1493	13	gapdh*D2_scr1-1	1.1864
1494	14	gapdh*D2_scr1-1	1.1847
1495	15	gapdh*D2_scr1-1	1.1862
1496	16	gapdh*D2_scr1-1	1.1858
1497	17	gapdh*D2_scr1-1	1.1864
1498	18	gapdh*D2_scr1-1	1.1862
1499	19	gapdh*D2_scr1-1	1.1871
1500	20	gapdh*D2_scr1-1	1.1868
1501	21	gapdh*D2_scr1-1	1.1875
1502	22	gapdh*D2_scr1-1	1.1883
1503	23	gapdh*D2_scr1-1	1.1898
1504	24	gapdh*D2_scr1-1	1.191
1505	25	gapdh*D2_scr1-1	1.1912
1506	26	gapdh*D2_scr1-1	1.1922
1507	27	gapdh*D2_scr1-1	1.1957
1508	28	gapdh*D2_scr1-1	1.2019
1509	29	gapdh*D2_scr1-1	1.2128
1510	30	gapdh*D2_scr1-1	1.2339
1511	31	gapdh*D2_scr1-1	1.2744
1512	32	gapdh*D2_scr1-1	1.352
1513	33	gapdh*D2_scr1-1	1.4948
1514	34	gapdh*D2_scr1-1	1.7195
1515	35	gapdh*D2_scr1-1	2.0242
1516	36	gapdh*D2_scr1-1	2.3725
1517	37	gapdh*D2_scr1-1	2.7335
1518	38	gapdh*D2_scr1-1	3.0801
1519	39	gapdh*D2_scr1-1	3.3996
1520	40	gapdh*D2_scr1-1	3.6877
1521	1	gapdh*D3_scr1-1	1.1622
1522	2	gapdh*D3_scr1-1	1.1633
1523	3	gapdh*D3_scr1-1	1.1563
1524	4	gapdh*D3_scr1-1	1.1524
1525	5	gapdh*D3_scr1-1	1.1534
1526	6	gapdh*D3_scr1-1	1.1487
1527	7	gapdh*D3_scr1-1	1.1485
1528	8	gapdh*D3_scr1-1	1.1463
1529	9	gapdh*D3_scr1-1	1.1448
1530	10	gapdh*D3_scr1-1	1.1448
1531	11	gapdh*D3_scr1-1	1.1431
1532	12	gapdh*D3_scr1-1	1.144
1533	13	gapdh*D3_scr1-1	1.145
1534	14	gapdh*D3_scr1-1	1.1429
1535	15	gapdh*D3_scr1-1	1.1455
1536	16	gapdh*D3_scr1-1	1.1448
1537	17	gapdh*D3_scr1-1	1.1448
1538	18	gapdh*D3_scr1-1	1.1448
1539	19	gapdh*D3_scr1-1	1.1435
1540	20	gapdh*D3_scr1-1	1.1455
1541	21	gapdh*D3_scr1-1	1.1458
1542	22	gapdh*D3_scr1-1	1.1481
1543	23	gapdh*D3_scr1-1	1.147
1544	24	gapdh*D3_scr1-1	1.1495
1545	25	gapdh*D3_scr1-1	1.1508
1546	26	gapdh*D3_scr1-1	1.1528
1547	27	gapdh*D3_scr1-1	1.1574
1548	28	gapdh*D3_scr1-1	1.1651
1549	29	gapdh*D3_scr1-1	1.1812
1550	30	gapdh*D3_scr1-1	1.2127
1551	31	gapdh*D3_scr1-1	1.2702
1552	32	gapdh*D3_scr1-1	1.378
1553	33	gapdh*D3_scr1-1	1.571
1554	34	gapdh*D3_scr1-1	1.8366
1555	35	gapdh*D3_scr1-1	2.1762
1556	36	gapdh*D3_scr1-1	2.5379
1557	37	gapdh*D3_scr1-1	2.8903
1558	38	gapdh*D3_scr1-1	3.2237
1559	39	gapdh*D3_scr1-1	3.52
1560	40	gapdh*D3_scr1-1	3.7825
1561	1	gapdh*D4_scr1-2	1.1792
1562	2	gapdh*D4_scr1-2	1.1758
1563	3	gapdh*D4_scr1-2	1.1869
1564	4	gapdh*D4_scr1-2	1.1834
1565	5	gapdh*D4_scr1-2	1.1806
1566	6	gapdh*D4_scr1-2	1.1776
1567	7	gapdh*D4_scr1-2	1.1759
1568	8	gapdh*D4_scr1-2	1.1749
1569	9	gapdh*D4_scr1-2	1.1739
1570	10	gapdh*D4_scr1-2	1.1735
1571	11	gapdh*D4_scr1-2	1.1732
1572	12	gapdh*D4_scr1-2	1.1729
1573	13	gapdh*D4_scr1-2	1.1717
1574	14	gapdh*D4_scr1-2	1.1739
1575	15	gapdh*D4_scr1-2	1.1723
1576	16	gapdh*D4_scr1-2	1.1729
1577	17	gapdh*D4_scr1-2	1.1724
1578	18	gapdh*D4_scr1-2	1.173
1579	19	gapdh*D4_scr1-2	1.1731
1580	20	gapdh*D4_scr1-2	1.1738
1581	21	gapdh*D4_scr1-2	1.1737
1582	22	gapdh*D4_scr1-2	1.1735
1583	23	gapdh*D4_scr1-2	1.1748
1584	24	gapdh*D4_scr1-2	1.1761
1585	25	gapdh*D4_scr1-2	1.1757
1586	26	gapdh*D4_scr1-2	1.1798
1587	27	gapdh*D4_scr1-2	1.182
1588	28	gapdh*D4_scr1-2	1.1893
1589	29	gapdh*D4_scr1-2	1.2026
1590	30	gapdh*D4_scr1-2	1.2277
1591	31	gapdh*D4_scr1-2	1.2757
1592	32	gapdh*D4_scr1-2	1.3707
1593	33	gapdh*D4_scr1-2	1.5346
1594	34	gapdh*D4_scr1-2	1.781
1595	35	gapdh*D4_scr1-2	2.0973
1596	36	gapdh*D4_scr1-2	2.4421
1597	37	gapdh*D4_scr1-2	2.7823
1598	38	gapdh*D4_scr1-2	3.1031
1599	39	gapdh*D4_scr1-2	3.3885
1600	40	gapdh*D4_scr1-2	3.6432
1601	1	gapdh*D5_scr1-2	1.2018
1602	2	gapdh*D5_scr1-2	1.1986
1603	3	gapdh*D5_scr1-2	1.229
1604	4	gapdh*D5_scr1-2	1.2248
1605	5	gapdh*D5_scr1-2	1.2236
1606	6	gapdh*D5_scr1-2	1.2215
1607	7	gapdh*D5_scr1-2	1.2199
1608	8	gapdh*D5_scr1-2	1.2183
1609	9	gapdh*D5_scr1-2	1.2158
1610	10	gapdh*D5_scr1-2	1.2165
1611	11	gapdh*D5_scr1-2	1.2163
1612	12	gapdh*D5_scr1-2	1.216
1613	13	gapdh*D5_scr1-2	1.2125
1614	14	gapdh*D5_scr1-2	1.2152
1615	15	gapdh*D5_scr1-2	1.2126
1616	16	gapdh*D5_scr1-2	1.2154
1617	17	gapdh*D5_scr1-2	1.2147
1618	18	gapdh*D5_scr1-2	1.2142
1619	19	gapdh*D5_scr1-2	1.2147
1620	20	gapdh*D5_scr1-2	1.2151
1621	21	gapdh*D5_scr1-2	1.2151
1622	22	gapdh*D5_scr1-2	1.2167
1623	23	gapdh*D5_scr1-2	1.2168
1624	24	gapdh*D5_scr1-2	1.2191
1625	25	gapdh*D5_scr1-2	1.2171
1626	26	gapdh*D5_scr1-2	1.2197
1627	27	gapdh*D5_scr1-2	1.2209
1628	28	gapdh*D5_scr1-2	1.2249
1629	29	gapdh*D5_scr1-2	1.237
1630	30	gapdh*D5_scr1-2	1.2543
1631	31	gapdh*D5_scr1-2	1.2897
1632	32	gapdh*D5_scr1-2	1.3628
1633	33	gapdh*D5_scr1-2	1.4899
1634	34	gapdh*D5_scr1-2	1.6982
1635	35	gapdh*D5_scr1-2	1.9913
1636	36	gapdh*D5_scr1-2	2.3387
1637	37	gapdh*D5_scr1-2	2.6992
1638	38	gapdh*D5_scr1-2	3.0454
1639	39	gapdh*D5_scr1-2	3.3729
1640	40	gapdh*D5_scr1-2	3.664
1641	1	gapdh*D6_scr1-2	1.1559
1642	2	gapdh*D6_scr1-2	1.1606
1643	3	gapdh*D6_scr1-2	1.1548
1644	4	gapdh*D6_scr1-2	1.1513
1645	5	gapdh*D6_scr1-2	1.15
1646	6	gapdh*D6_scr1-2	1.1469
1647	7	gapdh*D6_scr1-2	1.1449
1648	8	gapdh*D6_scr1-2	1.144
1649	9	gapdh*D6_scr1-2	1.1435
1650	10	gapdh*D6_scr1-2	1.1432
1651	11	gapdh*D6_scr1-2	1.1453
1652	12	gapdh*D6_scr1-2	1.1433
1653	13	gapdh*D6_scr1-2	1.1446
1654	14	gapdh*D6_scr1-2	1.1434
1655	15	gapdh*D6_scr1-2	1.1438
1656	16	gapdh*D6_scr1-2	1.1433
1657	17	gapdh*D6_scr1-2	1.1438
1658	18	gapdh*D6_scr1-2	1.1453
1659	19	gapdh*D6_scr1-2	1.1453
1660	20	gapdh*D6_scr1-2	1.1442
1661	21	gapdh*D6_scr1-2	1.1463
1662	22	gapdh*D6_scr1-2	1.1468
1663	23	gapdh*D6_scr1-2	1.1467
1664	24	gapdh*D6_scr1-2	1.147
1665	25	gapdh*D6_scr1-2	1.1486
1666	26	gapdh*D6_scr1-2	1.1517
1667	27	gapdh*D6_scr1-2	1.1546
1668	28	gapdh*D6_scr1-2	1.1615
1669	29	gapdh*D6_scr1-2	1.174
1670	30	gapdh*D6_scr1-2	1.1979
1671	31	gapdh*D6_scr1-2	1.2427
1672	32	gapdh*D6_scr1-2	1.3287
1673	33	gapdh*D6_scr1-2	1.4876
1674	34	gapdh*D6_scr1-2	1.7323
1675	35	gapdh*D6_scr1-2	2.0551
1676	36	gapdh*D6_scr1-2	2.4251
1677	37	gapdh*D6_scr1-2	2.7891
1678	38	gapdh*D6_scr1-2	3.1424
1679	39	gapdh*D6_scr1-2	3.456
1680	40	gapdh*D6_scr1-2	3.7382
